N 19 C 100

GEN 0
FIT_MEAN 553.8
1 1 0 1 0 1 1 0 1 1 1 1 1 1 1 0 1 1 0 -6 
1 1 1 1 1 0 0 1 0 0 1 1 0 1 1 1 1 1 1 704 
1 0 1 1 0 1 0 1 1 0 0 1 1 1 0 1 0 1 1 640 
1 1 1 1 1 0 0 1 1 0 0 1 1 0 0 1 0 0 1 581 
1 0 1 0 0 1 0 1 1 0 1 1 0 1 0 1 1 0 0 461 
1 0 1 1 1 0 1 1 1 0 0 1 1 0 1 1 1 0 1 723 
1 0 1 0 1 0 1 1 1 0 0 1 0 1 1 1 1 0 1 583 
0 1 1 1 0 0 1 1 1 0 1 1 0 0 1 0 1 1 1 697 
0 0 0 0 1 0 1 0 0 1 1 1 0 1 0 0 1 1 0 484 
0 0 1 1 1 1 1 0 1 1 1 1 1 0 0 1 0 0 0 671 

GEN 1
FIT_MEAN 405.5
1 0 1 1 1 0 1 1 1 0 0 1 1 0 1 1 1 0 1 723 
1 1 1 1 1 0 0 1 0 0 1 1 0 1 1 1 1 1 1 704 
0 1 1 1 0 0 1 1 1 0 1 1 0 0 1 0 1 1 1 697 
1 0 1 1 1 0 1 1 1 0 1 1 0 1 1 1 1 1 1 -5 
1 1 1 1 0 0 0 1 0 0 1 1 0 0 1 0 1 1 1 602 
1 0 1 1 1 0 1 1 1 0 1 1 0 1 1 1 1 1 1 -5 
1 0 1 1 1 0 1 1 1 0 1 1 0 1 1 1 1 1 1 -5 
1 1 1 1 1 0 0 1 0 0 1 1 0 0 1 0 1 1 1 655 
0 1 1 1 0 0 1 1 1 0 0 1 1 0 1 1 1 0 1 692 
1 0 1 1 1 0 1 1 1 0 1 0 0 1 1 1 1 1 1 -3 

GEN 2
FIT_MEAN 413.4
1 0 1 1 1 0 1 1 1 0 0 1 1 0 1 1 1 0 1 723 
1 1 1 1 1 0 0 1 0 0 1 1 0 1 1 1 1 1 1 704 
0 1 1 1 0 0 1 1 1 0 1 1 0 0 1 0 1 1 1 697 
1 0 1 1 1 0 1 1 1 0 1 1 0 1 1 1 1 1 1 -5 
1 1 1 1 0 0 0 1 0 0 1 1 0 0 1 0 1 1 1 602 
1 0 1 1 1 0 1 1 1 0 1 1 1 1 1 1 1 1 1 -19 
1 0 1 1 1 0 1 1 1 0 1 1 0 1 1 1 1 1 1 -5 
1 1 1 1 1 0 0 1 0 0 1 1 0 0 1 0 1 1 1 655 
0 1 1 1 0 0 1 1 1 0 0 1 1 0 1 1 1 1 1 785 
1 0 1 1 1 0 1 1 1 0 1 0 0 1 1 1 1 1 1 -3 

GEN 3
FIT_MEAN 424.5
0 1 1 1 0 0 1 1 1 0 0 1 1 0 1 1 1 1 1 785 
1 0 1 1 1 0 1 1 1 0 0 1 1 0 1 1 1 0 1 723 
1 1 1 1 1 0 0 1 0 0 1 1 0 1 1 1 1 1 1 704 
1 0 1 1 1 0 1 1 1 0 1 1 0 1 1 1 1 1 1 -5 
1 1 1 1 0 0 0 1 0 0 1 1 0 0 1 0 1 1 1 602 
1 0 1 1 1 0 1 1 1 0 1 1 1 1 1 1 0 1 1 -11 
1 0 1 1 1 0 1 1 1 0 1 1 0 1 1 1 1 1 1 -5 
1 1 1 1 1 0 0 1 0 0 1 1 0 1 1 0 1 1 1 656 
1 1 1 1 0 0 1 1 1 0 0 1 1 0 1 1 1 1 1 799 
1 0 1 1 1 0 1 1 1 0 1 0 0 1 1 1 1 1 1 -3 

GEN 4
FIT_MEAN 502.3
1 1 1 1 0 0 1 1 1 0 0 1 1 0 1 1 1 1 1 799 
0 1 1 1 0 0 1 1 1 0 0 1 1 0 1 1 1 1 1 785 
1 0 1 1 1 0 1 1 1 0 0 1 1 0 1 1 1 0 1 723 
1 0 1 1 1 0 1 1 1 0 1 1 0 1 1 1 0 1 1 678 
1 1 1 1 0 0 0 1 0 0 1 1 0 0 1 0 1 1 1 602 
1 0 1 1 1 0 1 1 1 0 1 1 1 1 1 1 0 1 1 -11 
1 0 1 1 1 0 1 1 1 0 1 1 0 1 1 1 1 1 1 -5 
1 1 1 1 1 0 0 1 0 0 1 1 0 1 1 0 1 1 1 656 
1 1 1 1 0 0 1 1 1 0 0 1 1 0 1 1 1 1 1 799 
1 0 1 1 1 0 1 1 1 0 1 0 0 1 1 1 1 1 1 -3 

GEN 5
FIT_MEAN 510.2
1 1 1 1 0 0 1 1 1 0 0 1 1 0 1 1 1 1 1 799 
1 1 1 1 0 0 1 1 1 0 0 1 1 0 1 1 1 1 1 799 
0 1 1 1 0 0 1 1 1 0 0 1 1 0 1 1 1 1 1 785 
1 0 1 1 1 0 1 1 1 0 1 1 0 1 1 1 0 1 1 678 
1 1 1 1 0 0 0 1 0 0 1 1 0 0 1 0 1 1 1 602 
0 0 1 1 1 0 1 1 1 0 1 1 1 1 1 1 0 1 1 -2 
1 0 1 1 1 0 1 1 1 0 1 0 0 1 1 1 1 1 1 -3 
1 1 1 1 1 0 0 1 0 0 1 1 0 1 1 0 1 1 1 656 
1 1 1 1 0 0 1 1 1 0 0 1 1 0 1 1 1 1 1 799 
1 0 1 1 1 1 1 1 1 0 1 0 0 1 1 1 1 1 1 -11 

GEN 6
FIT_MEAN 643.5
1 1 1 1 0 0 1 1 1 0 0 1 1 0 1 1 1 1 1 799 
1 1 1 1 0 0 1 1 1 0 0 1 1 0 1 1 1 1 1 799 
1 1 1 1 0 0 1 1 1 0 0 1 1 0 1 1 1 1 1 799 
0 0 1 1 1 0 1 1 1 0 1 1 0 1 1 1 0 1 1 664 
0 1 1 1 0 0 0 1 0 0 1 1 0 0 1 0 1 1 1 588 
0 0 1 1 1 0 1 1 1 0 1 1 0 1 1 1 0 1 1 664 
1 0 1 1 1 0 1 1 1 0 1 0 0 1 1 0 1 1 1 678 
1 1 1 1 1 0 0 1 0 0 1 1 0 1 1 0 1 1 1 656 
1 1 1 1 0 0 1 1 1 0 0 1 1 0 1 1 1 1 1 799 
1 0 1 1 1 1 1 1 1 0 1 0 0 1 1 1 1 1 1 -11 

GEN 7
FIT_MEAN 637.4
1 1 1 1 0 0 1 1 1 0 0 1 1 0 1 1 1 1 1 799 
1 1 1 1 0 0 1 1 1 0 0 1 1 0 1 1 1 1 1 799 
1 1 1 1 0 0 1 1 1 0 0 1 1 0 1 1 1 1 1 799 
0 0 1 1 1 0 1 1 1 0 1 1 0 1 1 1 0 1 1 664 
0 1 1 0 0 0 0 1 0 0 1 1 0 0 1 0 1 1 1 528 
0 0 1 1 1 0 1 1 1 0 1 1 0 1 1 1 0 1 1 664 
1 0 1 1 1 0 1 1 1 0 1 0 0 0 1 0 1 1 1 677 
1 1 1 1 1 0 0 1 0 0 1 1 0 1 1 0 1 1 1 656 
1 1 1 1 0 0 1 1 1 0 0 1 1 0 1 1 1 1 1 799 
1 0 1 1 1 1 1 1 1 0 1 0 0 1 1 1 1 1 1 -11 

GEN 8
FIT_MEAN 693.2
1 1 1 1 0 0 1 1 1 0 0 1 1 0 1 1 1 1 1 799 
1 1 1 1 0 0 1 1 1 0 0 1 1 0 1 1 1 1 1 799 
1 1 1 1 0 0 1 1 1 0 0 1 1 0 1 1 1 1 1 799 
0 0 1 1 1 0 1 1 1 0 1 1 0 1 1 1 0 1 1 664 
0 1 1 0 0 0 0 1 0 0 1 1 0 0 1 0 1 1 1 528 
0 0 1 1 1 0 1 1 1 0 1 1 0 1 1 1 0 0 1 571 
1 0 1 1 1 0 1 1 1 0 1 0 0 0 1 0 0 1 1 578 
1 1 1 1 1 0 0 1 0 0 1 1 0 1 1 0 1 1 1 656 
1 1 1 1 0 0 1 1 1 0 0 1 1 0 1 1 1 1 1 799 
1 0 1 1 1 1 1 1 1 0 0 0 0 1 1 1 1 1 1 739 

GEN 9
FIT_MEAN 678
1 1 1 1 0 0 1 1 1 0 0 1 1 0 1 1 1 1 1 799 
1 1 1 1 0 0 1 1 1 0 0 1 1 0 1 1 1 1 1 799 
1 1 1 1 0 0 1 1 1 0 0 1 1 0 1 1 1 1 1 799 
0 0 1 1 1 0 1 1 1 0 1 1 0 1 1 1 0 1 1 664 
0 1 1 0 0 0 0 1 0 0 1 1 0 0 1 0 1 1 1 528 
0 0 1 1 1 0 1 1 1 0 1 1 0 1 1 1 0 0 1 571 
1 0 1 1 1 0 1 1 1 0 1 0 0 0 1 0 0 1 1 578 
1 1 1 1 1 0 0 1 0 0 1 1 0 1 1 0 1 0 1 563 
1 1 1 1 0 0 1 1 1 0 0 1 1 0 1 1 1 1 1 799 
1 0 1 1 1 1 1 1 0 0 0 0 0 1 1 1 1 1 1 680 

GEN 10
FIT_MEAN 669.6
1 1 1 1 0 0 1 1 1 0 0 1 1 0 1 1 1 1 1 799 
1 1 1 1 0 0 1 1 1 0 0 1 1 0 1 1 1 1 1 799 
1 1 1 1 0 0 1 1 1 0 0 1 1 0 1 1 1 1 1 799 
0 0 1 1 1 0 1 1 1 0 1 1 0 1 1 1 0 1 1 664 
0 1 1 0 0 0 0 1 0 0 1 1 0 0 1 0 1 1 1 528 
0 0 1 1 1 0 1 1 1 0 1 1 0 1 1 1 0 0 0 486 
1 0 1 1 1 0 1 1 1 0 1 0 0 0 1 0 0 1 1 578 
1 1 1 1 1 0 0 1 0 0 1 1 0 1 1 0 1 0 1 563 
1 1 1 1 0 0 1 1 1 0 0 1 1 1 1 1 1 1 1 800 
1 0 1 1 1 1 1 1 0 0 0 0 0 1 1 1 1 1 1 680 

GEN 11
FIT_MEAN 683.8
1 1 1 1 0 0 1 1 1 0 0 1 1 1 1 1 1 1 1 800 
1 1 1 1 0 0 1 1 1 0 0 1 1 0 1 1 1 1 1 799 
1 1 1 1 0 0 1 1 1 0 0 1 1 0 1 1 1 1 1 799 
0 0 1 1 1 0 1 1 1 0 1 1 0 1 1 1 0 1 1 664 
0 1 1 0 0 0 0 1 0 1 1 1 0 0 1 0 1 1 1 624 
0 0 1 1 1 0 1 1 1 0 1 0 0 1 1 1 0 0 0 435 
1 0 1 1 1 0 1 1 1 0 1 0 0 0 1 0 0 1 1 578 
1 1 1 1 1 0 0 1 0 0 1 1 0 1 1 0 1 0 1 563 
1 1 1 1 0 0 1 1 1 0 0 1 1 1 1 1 1 1 1 800 
1 0 1 1 1 1 1 1 0 1 0 0 0 1 1 1 1 1 1 776 

GEN 12
FIT_MEAN 693.5
1 1 1 1 0 0 1 1 1 0 0 1 1 1 1 1 1 1 1 800 
1 1 1 1 0 0 1 1 1 0 0 1 1 1 1 1 1 1 1 800 
1 1 1 1 0 0 1 1 1 0 0 1 1 0 1 1 1 1 1 799 
0 0 1 1 1 0 1 1 1 0 1 1 0 1 1 1 0 1 1 664 
0 1 1 0 0 0 0 1 0 1 1 1 0 0 1 0 1 1 1 624 
0 0 1 1 1 0 1 1 1 1 1 0 0 1 1 1 0 0 0 531 
1 0 1 1 1 0 1 1 1 0 1 0 0 0 1 0 0 1 1 578 
1 1 1 1 1 0 0 1 0 0 1 1 0 1 1 0 1 0 1 563 
1 1 1 1 0 0 1 1 1 0 0 1 1 1 1 1 1 1 1 800 
1 0 1 1 1 1 1 1 0 1 0 0 0 1 1 1 1 1 1 776 

GEN 13
FIT_MEAN 687.7
1 1 1 1 0 0 1 1 1 0 0 1 1 1 1 1 1 1 1 800 
1 1 1 1 0 0 1 1 1 0 0 1 1 1 1 1 1 1 1 800 
1 1 1 1 0 0 1 1 1 0 0 1 1 1 1 1 1 1 1 800 
0 0 1 1 1 0 1 1 1 0 1 1 0 1 1 1 0 1 1 664 
0 1 1 0 0 0 0 1 0 1 1 1 0 0 1 0 1 1 1 624 
0 0 1 1 1 0 1 1 1 1 1 0 0 1 1 1 0 0 0 531 
1 0 1 1 1 0 1 1 0 0 1 0 0 0 1 0 0 1 1 519 
1 1 1 1 1 0 0 1 0 0 1 1 0 1 1 0 1 0 1 563 
1 1 1 1 0 0 1 1 1 0 0 1 1 1 1 1 1 1 1 800 
1 0 1 1 1 1 1 1 0 1 0 0 0 1 1 1 1 1 1 776 

GEN 14
FIT_MEAN 685.9
1 1 1 1 0 0 1 1 1 0 0 1 1 1 1 1 1 1 1 800 
1 1 1 1 0 0 1 1 1 0 0 1 1 1 1 1 1 1 1 800 
1 1 1 1 0 0 1 1 1 0 0 1 1 1 1 1 1 1 1 800 
0 0 1 1 1 0 1 1 1 0 1 1 0 1 1 1 0 1 1 664 
0 1 1 0 0 0 0 1 0 1 1 1 0 0 1 0 1 1 0 539 
0 0 1 1 1 0 1 1 1 1 1 0 0 1 0 1 0 0 0 502 
1 0 1 1 1 0 1 1 0 1 1 0 0 0 1 0 0 1 1 615 
1 1 1 1 1 0 0 1 0 0 1 1 0 1 1 0 1 0 1 563 
1 1 1 1 0 0 1 1 1 0 0 1 1 1 1 1 1 1 1 800 
1 0 1 1 1 1 1 1 0 1 0 0 0 1 1 1 1 1 1 776 

GEN 15
FIT_MEAN 680.6
1 1 1 1 0 0 1 1 1 0 0 1 1 1 1 1 1 1 1 800 
1 1 1 1 0 0 1 1 1 0 0 1 1 1 1 1 1 1 1 800 
1 1 1 1 0 0 1 1 1 0 0 1 1 1 1 1 1 1 1 800 
0 0 1 1 1 0 1 1 1 0 1 1 0 1 1 1 0 1 1 664 
0 1 1 0 0 0 0 1 0 1 1 1 0 0 1 0 1 1 0 539 
0 0 1 1 1 0 1 1 1 1 1 0 0 1 0 1 0 0 0 502 
1 0 1 1 0 0 1 1 0 1 1 0 0 0 1 0 0 1 1 562 
1 1 1 1 1 0 0 1 0 0 1 1 0 1 1 0 1 0 1 563 
1 1 1 1 0 0 1 1 1 0 0 1 1 1 1 1 1 1 1 800 
1 0 1 1 1 1 1 1 0 1 0 0 0 1 1 1 1 1 1 776 

GEN 16
FIT_MEAN 672.1
1 1 1 1 0 0 1 1 1 0 0 1 1 1 1 1 1 1 1 800 
1 1 1 1 0 0 1 1 1 0 0 1 1 1 1 1 1 1 1 800 
1 1 1 1 0 0 1 1 1 0 0 1 1 1 1 1 1 1 1 800 
0 0 1 1 1 0 1 1 1 0 1 1 0 1 1 1 0 1 1 664 
0 1 1 0 0 0 0 1 0 1 1 1 0 0 1 0 1 1 0 539 
0 0 1 1 1 0 1 1 1 1 1 0 0 1 0 1 0 0 0 502 
1 0 1 1 0 0 1 1 0 1 1 0 0 0 1 0 0 1 0 477 
1 1 1 1 1 0 0 1 0 0 1 1 0 1 1 0 1 0 1 563 
1 1 1 1 0 0 1 1 1 0 0 1 1 1 1 1 1 1 1 800 
1 0 1 1 1 1 1 1 0 1 0 0 0 1 1 1 1 1 1 776 

GEN 17
FIT_MEAN 677.2
1 1 1 1 0 0 1 1 1 0 0 1 1 1 1 1 1 1 1 800 
1 1 1 1 0 0 1 1 1 0 0 1 1 1 1 1 1 1 1 800 
1 1 1 1 0 0 1 1 1 0 0 1 1 1 1 1 1 1 1 800 
0 0 1 1 1 0 1 1 1 0 1 1 0 1 1 1 0 1 1 664 
0 1 1 0 0 0 0 1 0 1 1 1 0 0 1 0 1 1 0 539 
0 0 1 1 1 0 1 1 1 1 1 1 0 1 0 1 0 0 0 553 
1 0 1 1 0 0 1 1 0 1 1 0 0 0 1 0 0 1 0 477 
1 1 1 1 1 0 0 1 0 0 1 1 0 1 1 0 1 0 1 563 
1 1 1 1 0 0 1 1 1 0 0 1 1 1 1 1 1 1 1 800 
1 0 1 1 1 1 1 1 0 1 0 0 0 1 1 1 1 1 1 776 

GEN 18
FIT_MEAN 667.3
1 1 1 1 0 0 1 1 1 0 0 1 1 1 1 1 1 1 1 800 
1 1 1 1 0 0 1 1 1 0 0 1 1 1 1 1 1 1 1 800 
1 1 1 1 0 0 1 1 1 0 0 1 1 1 1 1 1 1 1 800 
0 0 1 1 1 0 1 1 1 0 1 1 0 1 1 1 0 1 1 664 
0 1 1 0 0 0 0 1 0 1 1 1 0 0 1 0 1 1 0 539 
0 0 1 1 1 0 1 1 1 1 1 1 0 1 0 0 0 0 0 505 
1 0 1 1 0 0 1 1 0 1 1 0 0 0 1 0 0 1 0 477 
1 1 1 1 1 0 0 1 0 0 1 1 0 1 1 0 1 0 1 563 
1 1 1 1 0 0 1 1 1 0 0 0 1 1 1 1 1 1 1 749 
1 0 1 1 1 1 1 1 0 1 0 0 0 1 1 1 1 1 1 776 

GEN 19
FIT_MEAN 658
1 1 1 1 0 0 1 1 1 0 0 1 1 1 1 1 1 1 1 800 
1 1 1 1 0 0 1 1 1 0 0 1 1 1 1 1 1 1 1 800 
1 1 1 1 0 0 1 1 1 0 0 1 1 1 1 1 1 1 1 800 
0 0 1 1 1 0 1 1 1 0 1 1 0 1 1 1 0 1 1 664 
0 1 1 0 0 0 0 1 0 1 1 1 0 0 1 0 1 1 0 539 
0 0 1 1 1 0 1 1 1 1 1 1 0 1 0 0 0 0 0 505 
1 0 1 1 0 0 1 1 0 1 1 0 0 0 1 0 0 1 0 477 
1 1 1 1 1 0 0 1 0 0 1 1 0 1 1 0 1 0 1 563 
1 1 1 1 0 0 1 1 1 0 0 0 1 1 1 1 1 1 1 749 
1 0 1 1 1 1 1 1 0 1 0 0 0 1 1 1 1 0 1 683 

GEN 20
FIT_MEAN 659.5
1 1 1 1 0 0 1 1 1 0 0 1 1 1 1 1 1 1 1 800 
1 1 1 1 0 0 1 1 1 0 0 1 1 1 1 1 1 1 1 800 
1 1 1 1 0 0 1 1 1 0 0 1 1 1 1 1 1 1 1 800 
0 0 1 1 1 0 1 1 1 0 1 1 0 1 1 1 0 1 1 664 
0 1 1 0 0 0 0 1 0 1 1 1 0 0 1 0 1 1 0 539 
0 0 1 1 1 0 1 1 1 1 1 1 0 1 0 0 0 0 0 505 
1 0 1 1 0 0 1 1 0 1 1 1 0 0 1 0 0 1 0 528 
1 0 1 1 1 0 0 1 0 0 1 1 0 1 1 0 1 0 1 527 
1 1 1 1 0 0 1 1 1 0 0 0 1 1 1 1 1 1 1 749 
1 0 1 1 1 1 1 1 0 1 0 0 0 1 1 1 1 0 1 683 

GEN 21
FIT_MEAN 583.4
1 1 1 1 0 0 1 1 1 0 0 1 1 1 1 1 1 1 1 800 
1 1 1 1 0 0 1 1 1 0 0 1 1 1 1 1 1 1 1 800 
1 1 1 1 0 0 1 1 1 0 0 1 1 1 1 1 1 1 1 800 
0 0 1 1 1 0 1 1 1 0 1 1 0 1 1 1 0 1 1 664 
0 1 1 0 0 0 0 1 0 1 1 1 0 1 1 0 1 1 0 540 
0 0 1 1 1 0 1 1 1 1 1 1 0 1 0 0 0 0 0 505 
1 0 1 1 0 0 1 1 0 1 1 1 0 0 1 0 0 1 0 528 
1 0 1 1 1 0 0 1 0 0 1 1 0 1 1 0 1 0 1 527 
1 1 1 1 0 0 1 1 1 0 1 0 1 1 1 1 1 1 1 -13 
1 0 1 1 1 1 1 1 0 1 0 0 0 1 1 1 1 0 1 683 

GEN 22
FIT_MEAN 680.2
1 1 1 1 0 0 1 1 1 0 0 1 1 1 1 1 1 1 1 800 
1 1 1 1 0 0 1 1 1 0 0 1 1 1 1 1 1 1 1 800 
1 1 1 1 0 0 1 1 1 0 0 1 1 1 1 1 1 1 1 800 
0 0 1 1 1 0 1 1 1 0 1 1 0 1 1 1 0 1 1 664 
0 1 1 0 0 0 0 1 0 1 1 1 0 1 1 0 1 1 1 625 
0 0 1 1 1 0 1 1 1 1 1 1 0 1 0 0 0 0 0 505 
1 0 1 1 0 0 1 1 0 1 1 1 0 0 1 0 0 1 0 528 
1 0 1 1 1 0 0 1 0 1 1 1 0 1 1 0 1 0 1 623 
1 1 1 1 0 0 1 0 1 0 1 0 1 1 1 1 1 1 1 774 
1 0 1 1 1 1 1 1 0 1 0 0 0 1 1 1 1 0 1 683 

GEN 23
FIT_MEAN 670.4
1 1 1 1 0 0 1 1 1 0 0 1 1 1 1 1 1 1 1 800 
1 1 1 1 0 0 1 1 1 0 0 1 1 1 1 1 1 1 1 800 
1 1 1 1 0 0 1 1 1 0 0 1 1 1 1 1 1 1 1 800 
0 0 1 1 1 0 1 1 1 0 1 1 0 1 1 0 0 1 1 616 
0 1 1 0 0 0 0 1 0 1 1 1 0 1 1 0 1 1 1 625 
0 0 1 1 1 0 1 1 1 1 1 1 0 1 0 0 0 0 0 505 
1 0 1 1 0 0 1 1 0 1 1 1 0 0 1 0 0 1 0 528 
1 0 1 1 1 0 0 1 0 1 1 1 0 1 1 0 1 0 1 623 
1 1 1 1 0 0 0 0 1 0 1 0 1 1 1 1 1 1 1 724 
1 0 1 1 1 1 1 1 0 1 0 0 0 1 1 1 1 0 1 683 

GEN 24
FIT_MEAN 594.4
1 1 1 1 0 0 1 1 1 0 0 1 1 1 1 1 1 1 1 800 
1 1 1 1 0 0 1 1 1 0 0 1 1 1 1 1 1 1 1 800 
1 1 1 1 0 0 1 1 1 0 0 1 1 1 1 1 1 1 1 800 
0 0 1 1 1 0 1 1 1 0 1 1 1 1 1 0 0 1 1 697 
0 1 1 0 0 0 0 1 0 1 1 1 0 1 1 0 1 1 1 625 
0 0 1 1 1 0 1 1 1 1 1 1 0 1 0 0 0 0 0 505 
1 0 1 0 0 0 1 1 0 1 1 1 0 0 1 0 0 1 0 468 
1 0 1 1 0 0 0 1 0 1 1 1 0 1 1 0 1 0 1 570 
1 1 1 1 1 0 0 0 1 0 1 0 1 1 1 1 1 1 1 -4 
1 0 1 1 1 1 1 1 0 1 0 0 0 1 1 1 1 0 1 683 

GEN 25
FIT_MEAN 674.1
1 1 1 1 0 0 1 1 1 0 0 1 1 1 1 1 1 1 1 800 
1 1 1 1 0 0 1 1 1 0 0 1 1 1 1 1 1 1 1 800 
1 1 1 1 0 0 1 1 1 0 0 1 1 1 1 1 1 1 1 800 
0 0 1 1 1 0 1 1 1 0 1 1 1 1 1 0 0 1 1 697 
0 1 1 0 1 0 0 1 0 1 1 1 0 1 1 0 1 1 1 678 
0 0 1 1 1 0 1 1 0 1 1 1 0 1 0 0 0 0 0 446 
1 0 1 0 0 0 1 1 0 1 1 1 0 0 1 0 0 1 0 468 
1 0 1 1 0 0 0 1 0 1 1 1 0 1 1 0 1 0 1 570 
1 1 1 1 1 0 0 0 1 0 1 0 1 1 0 1 1 1 1 748 
1 0 1 1 1 1 1 1 0 1 0 1 0 1 1 1 1 0 1 734 

GEN 26
FIT_MEAN 673.5
1 1 1 1 0 0 1 1 1 0 0 1 1 1 1 1 1 1 1 800 
1 1 1 1 0 0 1 1 1 0 0 1 1 1 1 1 1 1 1 800 
1 1 1 1 0 0 1 1 1 0 0 1 1 1 1 1 1 1 1 800 
0 0 1 1 1 0 1 1 1 0 1 1 1 1 1 0 0 1 1 697 
0 1 1 0 1 0 0 1 1 1 1 1 0 1 1 0 1 1 1 737 
0 0 1 1 1 0 1 0 0 1 1 1 0 1 0 0 0 0 0 430 
1 0 1 0 0 0 1 1 0 1 1 1 0 0 1 0 0 1 0 468 
1 0 1 1 0 0 1 1 0 1 1 1 0 1 1 0 1 0 1 620 
1 1 1 1 1 0 0 0 1 0 1 0 1 1 0 1 0 1 1 649 
1 0 1 1 1 1 1 1 0 1 0 1 0 1 1 1 1 0 1 734 

GEN 27
FIT_MEAN 658.3
1 1 1 1 0 0 1 1 1 0 0 1 1 1 1 1 1 1 1 800 
1 1 1 1 0 0 1 1 1 0 0 1 1 1 1 1 1 1 1 800 
1 1 1 1 0 0 1 1 1 0 0 1 1 1 1 1 1 1 1 800 
0 0 1 1 1 0 1 1 1 0 1 1 1 1 1 0 0 1 1 697 
0 1 1 0 1 0 0 1 1 1 0 1 0 1 1 0 1 1 1 696 
0 0 1 1 1 0 1 0 0 1 1 1 0 1 0 0 0 0 0 430 
1 0 1 0 0 0 1 1 0 1 1 0 0 0 1 0 0 1 0 417 
1 0 1 0 0 0 1 1 0 1 1 1 0 1 1 0 1 0 1 560 
1 1 1 1 1 0 0 0 1 0 1 0 1 1 0 1 0 1 1 649 
1 0 1 1 1 1 1 1 0 1 0 1 0 1 1 1 1 0 1 734 

GEN 28
FIT_MEAN 647.6
1 1 1 1 0 0 1 1 1 0 0 1 1 1 1 1 1 1 1 800 
1 1 1 1 0 0 1 1 1 0 0 1 1 1 1 1 1 1 1 800 
1 1 1 1 0 0 1 1 1 0 0 1 1 1 1 1 1 1 1 800 
0 0 1 1 1 0 1 1 1 0 1 1 1 1 0 0 0 1 1 668 
0 1 1 0 1 0 0 1 1 1 0 1 0 1 1 0 1 1 1 696 
0 0 1 1 1 0 1 0 0 1 1 1 0 1 0 0 0 0 0 430 
1 0 1 0 0 0 1 1 0 1 1 0 0 0 1 0 0 1 0 417 
1 0 0 0 0 0 1 1 0 1 1 1 0 1 1 0 1 0 1 482 
1 1 1 1 1 0 0 0 1 0 1 0 1 1 0 1 0 1 1 649 
1 0 1 1 1 1 1 1 0 1 0 1 0 1 1 1 1 0 1 734 

GEN 29
FIT_MEAN 646
1 1 1 1 0 0 1 1 1 0 0 1 1 1 1 1 1 1 1 800 
1 1 1 1 0 0 1 1 1 0 0 1 1 1 1 1 1 1 1 800 
1 1 1 1 0 0 1 1 1 0 0 1 1 1 1 1 1 1 1 800 
0 0 1 1 1 0 1 1 1 0 1 1 1 1 0 0 0 1 1 668 
0 1 1 0 1 0 0 1 1 1 0 1 0 1 1 0 1 1 1 696 
0 0 1 1 1 0 1 0 0 1 1 1 0 1 0 0 0 0 0 430 
1 0 1 0 0 0 1 0 0 1 1 0 0 0 1 0 0 1 0 401 
1 0 0 0 0 0 1 1 0 1 1 1 0 1 1 0 1 0 1 482 
1 1 1 1 1 0 0 0 1 0 1 0 1 1 0 1 0 1 1 649 
1 0 1 1 1 1 1 1 0 1 0 1 0 1 1 1 1 0 1 734 

GEN 30
FIT_MEAN 646.1
1 1 1 1 0 0 1 1 1 0 0 1 1 1 1 1 1 1 1 800 
1 1 1 1 0 0 1 1 1 0 0 1 1 1 1 1 1 1 1 800 
1 1 1 1 0 0 1 1 1 0 0 1 1 1 1 1 1 1 1 800 
0 0 1 1 1 0 0 1 1 0 1 1 1 1 0 0 0 1 1 618 
0 1 1 0 1 0 0 1 1 1 0 1 0 1 1 0 1 1 1 696 
0 0 1 1 1 0 1 0 0 1 1 1 0 1 0 0 0 0 0 430 
1 0 1 0 0 0 1 0 0 1 1 0 0 0 1 0 0 1 0 401 
1 0 0 0 0 0 1 1 0 1 1 1 0 1 1 0 1 0 1 482 
1 1 1 1 1 0 0 0 1 0 1 1 1 1 0 1 0 1 1 700 
1 0 1 1 1 1 1 1 0 1 0 1 0 1 1 1 1 0 1 734 

GEN 31
FIT_MEAN 634.8
1 1 1 1 0 0 1 1 1 0 0 1 1 1 1 1 1 1 1 800 
1 1 1 1 0 0 1 1 1 0 0 1 1 1 1 1 1 1 1 800 
1 1 1 1 0 0 1 1 1 0 0 1 1 1 1 1 1 1 1 800 
0 0 1 1 1 0 0 1 1 0 1 1 1 1 0 0 0 1 1 618 
0 1 1 0 1 0 0 1 1 1 0 0 0 1 1 0 1 1 1 645 
0 0 1 1 1 0 1 0 0 1 1 1 0 1 0 0 0 0 0 430 
1 0 1 0 0 0 1 0 0 1 1 0 0 0 1 0 0 1 0 401 
0 0 0 0 0 0 1 1 0 1 1 1 0 1 1 0 1 0 1 468 
1 1 1 1 1 0 0 0 1 0 1 1 1 1 0 0 0 1 1 652 
1 0 1 1 1 1 1 1 0 1 0 1 0 1 1 1 1 0 1 734 

GEN 32
FIT_MEAN 634.8
1 1 1 1 0 0 1 1 1 0 0 1 1 1 1 1 1 1 1 800 
1 1 1 1 0 0 1 1 1 0 0 1 1 1 1 1 1 1 1 800 
1 1 1 1 0 0 1 1 1 0 0 1 1 1 1 1 1 1 1 800 
0 0 1 1 1 0 0 1 1 0 1 1 1 1 0 0 0 1 1 618 
0 1 1 0 1 0 0 1 1 1 0 0 0 1 1 0 1 1 1 645 
0 0 1 1 1 0 1 0 0 1 1 1 0 1 0 0 0 0 0 430 
1 0 1 0 0 0 1 0 0 1 1 0 0 0 1 0 0 1 0 401 
0 0 0 0 0 0 1 1 0 1 1 1 0 1 1 0 1 0 1 468 
1 1 1 1 1 0 0 0 1 0 1 1 1 1 0 0 0 1 1 652 
1 0 1 1 1 1 1 1 0 1 0 1 0 1 1 1 1 0 1 734 

GEN 33
FIT_MEAN 623.5
1 1 1 1 0 0 1 1 1 0 0 1 1 1 1 1 1 1 1 800 
1 1 1 1 0 0 1 1 1 0 0 1 1 1 1 1 1 1 1 800 
1 1 1 1 0 0 1 1 1 0 0 1 1 1 1 1 1 1 1 800 
0 0 1 1 1 0 0 1 1 0 1 1 1 1 0 0 0 1 1 618 
0 1 1 0 1 0 1 1 1 1 0 0 0 1 1 0 1 1 1 695 
0 0 1 1 1 0 1 0 0 0 1 1 0 1 0 0 0 0 0 334 
1 0 1 0 0 0 1 0 0 1 1 0 0 0 1 0 0 1 0 401 
0 0 0 0 0 0 1 1 0 1 1 1 0 1 1 0 1 0 1 468 
1 1 1 1 1 0 0 0 1 0 1 1 1 1 1 0 0 1 1 681 
1 0 1 1 1 1 1 1 0 0 0 1 0 1 1 1 1 0 1 638 

GEN 34
FIT_MEAN 602.6
1 1 1 1 0 0 1 1 1 0 0 1 1 1 1 1 1 1 1 800 
1 1 1 1 0 0 1 1 1 0 0 1 1 1 1 1 1 1 1 800 
1 1 1 1 0 0 1 1 1 0 0 1 1 1 1 1 1 1 1 800 
0 0 1 1 0 0 0 1 1 0 1 1 1 1 0 0 0 1 1 565 
0 1 1 0 1 0 1 1 0 1 0 0 0 1 1 0 1 1 1 636 
0 0 1 1 1 0 1 0 0 0 1 1 0 1 0 0 0 0 0 334 
1 0 1 0 0 0 1 0 0 1 1 0 0 0 1 0 0 1 0 401 
0 0 0 0 0 0 1 1 0 1 1 1 0 1 1 0 1 0 1 468 
1 1 1 1 1 0 0 0 1 0 1 1 0 1 1 0 0 1 1 600 
1 0 1 1 1 1 1 0 0 0 0 1 0 1 1 1 1 0 1 622 

GEN 35
FIT_MEAN 596.6
1 1 1 1 0 0 1 1 1 0 0 1 1 1 1 1 1 1 1 800 
1 1 1 1 0 0 1 1 1 0 0 1 1 1 1 1 1 1 1 800 
1 1 1 1 0 0 1 1 1 0 0 1 1 1 1 1 1 1 1 800 
0 0 1 1 0 0 0 1 1 0 1 1 1 1 0 0 0 1 1 565 
0 1 1 0 1 0 1 1 0 1 0 0 0 1 1 0 1 1 1 636 
0 0 1 1 1 0 1 0 0 0 1 1 0 1 0 0 0 0 0 334 
1 0 1 0 0 0 1 0 0 1 1 0 0 0 1 0 0 1 0 401 
0 0 0 0 0 0 1 1 0 1 1 1 0 1 1 0 1 0 1 468 
1 1 1 1 1 0 0 0 1 0 1 1 0 1 1 0 0 1 1 600 
1 0 1 0 1 1 1 0 0 0 0 1 0 1 1 1 1 0 1 562 

GEN 36
FIT_MEAN 597.3
1 1 1 1 0 0 1 1 1 0 0 1 1 1 1 1 1 1 1 800 
1 1 1 1 0 0 1 1 1 0 0 1 1 1 1 1 1 1 1 800 
1 1 1 1 0 0 1 1 1 0 0 1 1 1 1 1 1 1 1 800 
0 0 1 1 0 0 0 1 1 0 1 1 1 1 0 0 0 1 1 565 
0 1 1 0 1 0 1 1 0 1 0 0 0 1 1 0 1 1 1 636 
0 0 1 1 1 0 1 0 0 0 1 1 0 1 0 0 0 0 0 334 
1 0 1 0 0 0 1 0 0 1 1 0 0 0 1 0 0 1 0 401 
0 0 0 1 0 0 1 1 0 1 1 1 0 1 1 0 1 0 1 528 
1 1 1 1 1 0 0 0 1 0 1 1 0 1 1 0 0 1 1 600 
1 0 1 0 0 1 1 0 0 0 0 1 0 1 1 1 1 0 1 509 

GEN 37
FIT_MEAN 594.6
1 1 1 1 0 0 1 1 1 0 0 1 1 1 1 1 1 1 1 800 
1 1 1 1 0 0 1 1 1 0 0 1 1 1 1 1 1 1 1 800 
1 1 1 1 0 0 1 1 1 0 0 1 1 1 1 1 1 1 1 800 
0 0 1 1 0 0 0 1 1 0 1 1 0 1 0 0 0 1 1 484 
0 1 1 0 1 0 1 1 0 1 0 0 0 1 1 0 1 1 1 636 
0 0 1 1 1 0 1 0 0 0 1 1 0 1 0 0 0 0 0 334 
1 0 1 0 0 0 1 0 0 1 1 0 0 0 1 0 0 1 0 401 
0 0 0 1 0 1 1 1 0 1 1 1 0 1 1 0 1 0 1 582 
1 1 1 1 1 0 0 0 1 0 1 1 0 1 1 0 0 1 1 600 
1 0 1 0 0 1 1 0 0 0 0 1 0 1 1 1 1 0 1 509 

GEN 38
FIT_MEAN 598
1 1 1 1 0 0 1 1 1 0 0 1 1 1 1 1 1 1 1 800 
1 1 1 1 0 0 1 1 1 0 0 1 1 1 1 1 1 1 1 800 
1 1 1 1 0 0 1 1 1 0 0 1 1 1 1 1 1 1 1 800 
0 0 1 1 0 0 0 1 1 0 1 1 0 1 0 0 0 0 1 391 
0 1 1 0 1 0 1 1 0 1 0 0 0 1 1 0 1 1 1 636 
0 0 1 1 1 0 1 1 0 0 1 1 0 1 0 0 0 0 0 350 
1 0 1 0 0 0 1 0 0 1 1 1 0 0 1 0 0 1 0 452 
0 0 0 1 0 1 1 1 0 1 1 1 0 1 1 0 1 0 1 582 
1 1 1 1 1 0 0 0 1 0 1 1 0 1 1 0 0 1 1 600 
1 0 1 1 0 1 1 0 0 0 0 1 0 1 1 1 1 0 1 569 

GEN 39
FIT_MEAN 596.8
1 1 1 1 0 0 1 1 1 0 0 1 1 1 1 1 1 1 1 800 
1 1 1 1 0 0 1 1 1 0 0 1 1 1 1 1 1 1 1 800 
1 1 1 1 0 0 1 1 1 0 0 1 1 1 1 1 1 1 1 800 
0 0 1 1 1 0 0 1 1 0 1 1 0 1 0 0 0 0 1 444 
0 1 1 0 1 0 1 1 0 1 0 0 0 1 1 0 1 1 1 636 
0 0 1 1 1 0 1 1 0 0 1 1 0 1 0 0 0 0 0 350 
1 0 1 0 0 0 1 0 0 1 1 1 0 0 1 0 0 1 0 452 
0 0 0 1 0 1 1 1 0 1 1 1 0 1 1 0 0 0 1 483 
1 1 1 1 1 0 0 0 0 0 1 1 0 1 1 0 0 1 1 541 
1 0 1 1 0 1 1 0 0 0 0 1 0 1 1 1 1 1 1 662 

GEN 40
FIT_MEAN 602.2
1 1 1 1 0 0 1 1 1 0 0 1 1 1 1 1 1 1 1 800 
1 1 1 1 0 0 1 1 1 0 0 1 1 1 1 1 1 1 1 800 
1 1 1 1 0 0 1 1 1 0 0 1 1 1 1 1 1 1 1 800 
0 0 1 1 1 1 0 1 1 0 1 1 0 1 0 0 0 0 1 498 
0 1 1 0 1 0 1 1 0 1 0 0 0 1 1 0 1 1 1 636 
0 0 1 1 1 0 1 1 0 0 1 1 0 1 0 0 0 0 0 350 
1 0 1 0 0 0 1 0 0 1 1 1 0 0 1 0 0 1 0 452 
0 0 0 1 0 1 1 1 0 1 1 1 0 1 1 0 0 0 1 483 
1 1 1 1 1 0 0 0 0 0 1 1 0 1 1 0 0 1 1 541 
1 0 1 1 0 1 1 0 0 0 0 1 0 1 1 1 1 1 1 662 

GEN 41
FIT_MEAN 601
1 1 1 1 0 0 1 1 1 0 0 1 1 1 1 1 1 1 1 800 
1 1 1 1 0 0 1 1 1 0 0 1 1 1 1 1 1 1 1 800 
1 1 1 1 0 0 1 1 1 0 0 1 1 1 1 1 1 1 1 800 
0 0 1 1 1 1 1 1 1 0 1 1 0 1 0 0 0 0 1 548 
0 1 0 0 1 0 1 1 0 1 0 0 0 1 1 0 1 1 1 558 
0 0 1 1 1 0 1 1 0 0 1 1 0 1 0 0 0 0 0 350 
1 0 1 0 0 0 1 1 0 1 1 1 0 0 1 0 0 1 0 468 
0 0 0 1 0 1 1 1 0 1 1 1 0 1 1 0 0 0 1 483 
1 1 1 1 1 0 0 0 0 0 1 1 0 1 1 0 0 1 1 541 
1 0 1 1 0 1 1 0 0 0 0 1 0 1 1 1 1 1 1 662 

GEN 42
FIT_MEAN 595.6
1 1 1 1 0 0 1 1 1 0 0 1 1 1 1 1 1 1 1 800 
1 1 1 1 0 0 1 1 1 0 0 1 1 1 1 1 1 1 1 800 
1 1 1 1 0 0 1 1 1 0 0 1 1 1 1 1 1 1 1 800 
0 0 1 1 1 1 1 1 1 0 1 1 0 1 0 0 0 0 1 548 
0 1 0 0 1 0 1 1 0 1 0 0 0 1 1 0 1 1 1 558 
0 0 1 1 1 0 1 1 0 0 1 1 0 1 0 0 0 0 0 350 
1 0 1 0 0 0 1 1 0 1 1 1 0 0 1 0 0 1 0 468 
0 0 0 1 0 0 1 1 0 1 1 1 0 1 1 0 0 0 1 429 
1 1 1 1 1 0 0 0 0 0 1 1 0 1 1 0 0 1 1 541 
1 0 1 1 0 1 1 0 0 0 0 1 0 1 1 1 1 1 1 662 

GEN 43
FIT_MEAN 600.4
1 1 1 1 0 0 1 1 1 0 0 1 1 1 1 1 1 1 1 800 
1 1 1 1 0 0 1 1 1 0 0 1 1 1 1 1 1 1 1 800 
1 1 1 1 0 0 1 1 1 0 0 1 1 1 1 1 1 1 1 800 
0 0 1 1 1 1 1 1 1 0 1 1 0 1 0 0 0 0 1 548 
0 1 0 0 1 0 1 1 0 1 0 0 0 1 1 0 1 1 1 558 
0 0 1 1 1 0 1 1 0 0 1 1 0 1 0 0 0 0 0 350 
1 0 1 0 0 0 1 1 0 1 1 1 0 0 1 0 0 1 0 468 
0 0 0 1 0 0 1 1 0 1 1 1 0 1 1 0 0 0 1 429 
1 1 1 1 1 0 0 0 0 0 1 1 0 1 1 1 0 1 1 589 
1 0 1 1 0 1 1 0 0 0 0 1 0 1 1 1 1 1 1 662 

GEN 44
FIT_MEAN 613.9
1 1 1 1 0 0 1 1 1 0 0 1 1 1 1 1 1 1 1 800 
1 1 1 1 0 0 1 1 1 0 0 1 1 1 1 1 1 1 1 800 
1 1 1 1 0 0 1 1 1 0 0 1 1 1 1 1 1 1 1 800 
0 0 1 1 1 1 1 1 1 0 1 1 0 1 0 0 0 0 1 548 
0 1 0 0 1 0 1 1 0 1 0 0 0 1 1 0 1 1 1 558 
0 0 1 1 1 0 1 1 0 0 1 1 0 1 0 0 0 0 0 350 
1 0 1 0 0 0 1 1 0 1 1 1 0 0 1 0 0 1 0 468 
0 0 0 1 0 0 1 1 0 1 1 1 0 1 1 0 0 0 1 429 
1 1 1 1 1 1 0 0 0 0 1 1 0 1 1 1 0 1 1 643 
1 0 1 1 0 1 1 0 0 0 0 1 1 1 1 1 1 1 1 743 

GEN 45
FIT_MEAN 613.9
1 1 1 1 0 0 1 1 1 0 0 1 1 1 1 1 1 1 1 800 
1 1 1 1 0 0 1 1 1 0 0 1 1 1 1 1 1 1 1 800 
1 1 1 1 0 0 1 1 1 0 0 1 1 1 1 1 1 1 1 800 
0 0 1 1 1 1 1 1 1 0 1 1 0 1 0 0 0 0 1 548 
0 1 0 0 1 0 1 1 0 1 0 0 0 1 1 0 1 1 1 558 
0 0 1 1 1 0 1 1 0 0 1 1 0 1 0 0 0 0 0 350 
1 0 1 0 0 0 1 1 0 1 1 1 0 0 1 0 0 1 0 468 
0 0 0 1 0 0 1 1 0 1 1 1 0 1 1 0 0 0 1 429 
1 1 1 1 1 1 0 0 0 0 1 1 0 1 1 1 0 1 1 643 
1 0 1 1 0 1 1 0 0 0 0 1 1 1 1 1 1 1 1 743 

GEN 46
FIT_MEAN 615.8
1 1 1 1 0 0 1 1 1 0 0 1 1 1 1 1 1 1 1 800 
1 1 1 1 0 0 1 1 1 0 0 1 1 1 1 1 1 1 1 800 
1 1 1 1 0 0 1 1 1 0 0 1 1 1 1 1 1 1 1 800 
0 0 1 1 1 1 1 1 1 0 1 1 1 1 0 0 0 0 1 629 
0 1 0 0 1 0 1 1 0 1 0 0 0 1 1 0 1 1 1 558 
0 0 1 1 1 0 1 1 0 0 1 1 0 1 0 0 0 0 0 350 
1 0 1 0 0 0 1 1 0 1 1 1 0 0 1 0 0 1 0 468 
0 0 0 1 0 0 1 1 0 1 1 1 0 1 1 0 0 0 1 429 
1 1 1 1 1 1 0 0 0 0 1 1 0 1 1 0 0 1 1 595 
0 0 1 1 0 1 1 0 0 0 0 1 1 1 1 1 1 1 1 729 

GEN 47
FIT_MEAN 619.5
1 1 1 1 0 0 1 1 1 0 0 1 1 1 1 1 1 1 1 800 
1 1 1 1 0 0 1 1 1 0 0 1 1 1 1 1 1 1 1 800 
1 1 1 1 0 0 1 1 1 0 0 1 1 1 1 1 1 1 1 800 
0 0 1 1 1 1 1 1 1 0 1 1 1 1 0 0 0 0 1 629 
0 1 1 0 1 0 1 1 0 1 0 0 0 1 1 0 1 1 1 636 
0 0 1 1 1 0 1 1 0 0 1 1 0 1 0 0 0 0 0 350 
1 0 1 0 0 0 1 1 0 1 1 1 0 0 1 0 0 1 0 468 
0 0 0 1 0 0 1 1 0 1 0 1 0 1 1 0 0 0 1 388 
1 1 1 1 1 1 0 0 0 0 1 1 0 1 1 0 0 1 1 595 
0 0 1 1 0 1 1 0 0 0 0 1 1 1 1 1 1 1 1 729 

GEN 48
FIT_MEAN 611
1 1 1 1 0 0 1 1 1 0 0 1 1 1 1 1 1 1 1 800 
1 1 1 1 0 0 1 1 1 0 0 1 1 1 1 1 1 1 1 800 
1 1 1 1 0 0 1 1 1 0 0 1 1 1 1 1 1 1 1 800 
0 0 1 1 1 1 1 1 1 0 1 1 1 1 0 0 0 0 1 629 
0 1 1 0 1 0 1 1 0 1 0 0 0 1 1 0 1 1 1 636 
0 0 1 1 1 0 1 1 0 0 1 1 0 1 0 0 0 0 0 350 
1 0 1 0 0 0 1 1 0 1 1 1 0 0 1 0 0 1 0 468 
0 0 0 1 0 0 1 1 0 1 0 1 0 1 1 0 0 0 0 303 
1 1 1 1 1 1 0 0 0 0 1 1 0 1 1 0 0 1 1 595 
0 0 1 1 0 1 1 0 0 0 0 1 1 1 1 1 1 1 1 729 

GEN 49
FIT_MEAN 616.9
1 1 1 1 0 0 1 1 1 0 0 1 1 1 1 1 1 1 1 800 
1 1 1 1 0 0 1 1 1 0 0 1 1 1 1 1 1 1 1 800 
1 1 1 1 0 0 1 1 1 0 0 1 1 1 1 1 1 1 1 800 
0 0 1 1 1 1 1 1 1 0 1 1 1 1 0 0 0 0 1 629 
0 1 1 0 1 0 1 1 0 1 0 0 0 1 1 0 1 1 1 636 
0 0 1 1 1 0 1 1 0 0 1 1 0 1 0 0 0 0 0 350 
1 0 1 0 0 0 1 1 0 1 1 1 0 0 1 0 0 1 0 468 
0 0 0 1 0 0 1 1 0 1 0 1 0 1 1 0 0 0 0 303 
1 1 1 1 1 1 0 0 0 0 1 1 0 1 1 0 0 1 1 595 
0 0 1 1 0 1 1 0 1 0 0 1 1 1 1 1 1 1 1 788 

GEN 50
FIT_MEAN 595.7
1 1 1 1 0 0 1 1 1 0 0 1 1 1 1 1 1 1 1 800 
1 1 1 1 0 0 1 1 1 0 0 1 1 1 1 1 1 1 1 800 
1 1 1 1 0 0 1 1 1 0 0 1 1 1 1 1 1 1 1 800 
0 0 1 1 0 1 1 1 1 0 1 1 1 1 0 0 0 0 1 576 
0 1 1 0 1 0 1 1 0 1 0 0 0 1 1 0 1 1 1 636 
0 0 1 1 1 0 1 1 0 0 1 1 0 1 0 0 0 0 0 350 
1 0 1 0 0 0 1 1 0 1 1 1 0 0 1 0 0 1 0 468 
0 0 0 0 0 0 1 1 0 1 0 1 0 1 1 0 0 0 0 243 
1 1 1 1 1 1 0 0 0 0 1 0 0 1 1 0 0 1 1 544 
0 0 1 1 0 1 1 0 1 0 0 1 1 1 1 0 1 1 1 740 

GEN 51
FIT_MEAN 598.2
1 1 1 1 0 0 1 1 1 0 0 1 1 1 1 1 1 1 1 800 
1 1 1 1 0 0 1 1 1 0 0 1 1 1 1 1 1 1 1 800 
1 1 1 1 0 0 1 1 1 0 0 1 1 1 1 1 1 1 1 800 
0 0 1 1 0 1 1 1 1 0 1 1 1 1 0 0 0 0 1 576 
0 1 1 0 1 0 1 1 0 1 0 0 0 1 1 0 1 1 1 636 
0 0 1 1 1 0 1 1 0 0 1 1 0 1 0 0 0 0 0 350 
1 0 1 0 0 0 1 1 0 1 1 1 0 0 1 0 0 1 0 468 
0 0 0 0 0 0 1 0 0 1 0 1 0 1 1 0 0 0 0 227 
1 1 1 1 1 1 0 0 0 0 1 0 0 1 1 0 0 1 1 544 
0 0 1 1 0 1 1 0 1 0 1 1 1 1 1 0 1 1 1 781 

GEN 52
FIT_MEAN 530.1
1 1 1 1 0 0 1 1 1 0 0 1 1 1 1 1 1 1 1 800 
1 1 1 1 0 0 1 1 1 0 0 1 1 1 1 1 1 1 1 800 
1 1 1 1 0 0 1 1 1 0 0 1 1 1 1 1 1 1 1 800 
0 0 1 1 0 1 1 1 1 0 1 1 1 1 0 0 0 0 1 576 
0 1 1 0 1 0 1 1 0 1 0 0 0 1 1 0 1 1 1 636 
0 0 1 1 1 0 1 1 0 0 1 1 0 1 0 0 0 0 0 350 
1 0 1 0 0 0 1 1 0 1 1 1 0 0 1 0 0 1 0 468 
0 0 0 0 1 0 1 0 0 1 0 1 0 1 1 0 0 0 0 280 
1 1 1 1 1 1 0 0 0 0 1 1 0 1 1 0 0 1 1 595 
0 0 1 1 0 1 1 1 1 0 1 1 1 1 1 0 1 1 1 -4 

GEN 53
FIT_MEAN 524.9
1 1 1 1 0 0 1 1 1 0 0 1 1 1 1 1 1 1 1 800 
1 1 1 1 0 0 1 1 1 0 0 1 1 1 1 1 1 1 1 800 
1 1 1 1 0 0 1 1 1 0 0 1 1 1 1 1 1 1 1 800 
0 0 1 1 0 1 1 1 1 0 1 1 1 1 0 0 0 0 1 576 
0 0 1 0 1 0 1 1 0 1 0 0 0 1 1 0 1 1 1 600 
0 0 1 1 1 0 1 0 0 0 1 1 0 1 0 0 0 0 0 334 
1 0 1 0 0 0 1 1 0 1 1 1 0 0 1 0 0 1 0 468 
0 0 0 0 1 0 1 0 0 1 0 1 0 1 1 0 0 0 0 280 
1 1 1 1 1 1 0 0 0 0 1 1 0 1 1 0 0 1 1 595 
0 0 1 1 0 1 1 1 1 0 1 1 1 1 1 0 1 1 1 -4 

GEN 54
FIT_MEAN 604.9
1 1 1 1 0 0 1 1 1 0 0 1 1 1 1 1 1 1 1 800 
1 1 1 1 0 0 1 1 1 0 0 1 1 1 1 1 1 1 1 800 
1 1 1 1 0 0 1 1 1 0 0 1 1 1 1 1 1 1 1 800 
0 0 1 1 0 1 1 1 1 0 1 1 1 1 0 0 0 0 1 576 
0 0 1 0 1 0 1 1 0 1 0 0 0 1 1 0 1 1 1 600 
0 0 1 1 1 0 1 0 0 0 1 1 0 1 0 0 0 0 0 334 
1 0 1 0 0 0 1 1 0 1 0 1 0 0 1 0 0 1 0 427 
0 0 0 0 1 0 1 0 0 1 0 1 0 1 1 0 0 0 0 280 
1 1 1 1 1 1 0 0 0 0 1 1 1 1 1 0 0 1 1 676 
0 0 1 1 0 1 1 1 1 0 0 1 1 1 1 0 1 1 1 756 

GEN 55
FIT_MEAN 601.2
1 1 1 1 0 0 1 1 1 0 0 1 1 1 1 1 1 1 1 800 
1 1 1 1 0 0 1 1 1 0 0 1 1 1 1 1 1 1 1 800 
1 1 1 1 0 0 1 1 1 0 0 1 1 1 1 1 1 1 1 800 
0 0 1 1 0 1 1 1 1 0 1 1 1 1 0 0 0 0 1 576 
0 0 1 0 0 0 1 1 0 1 0 0 0 1 1 0 1 1 1 547 
0 0 1 1 1 0 1 1 0 0 1 1 0 1 0 0 0 0 0 350 
1 0 1 0 0 0 1 1 0 1 0 1 0 0 1 0 0 1 0 427 
0 0 0 0 1 0 1 0 0 1 0 1 0 1 1 0 0 0 0 280 
1 1 1 1 1 1 0 0 0 0 1 1 1 1 1 0 0 1 1 676 
0 0 1 1 0 1 1 1 1 0 0 1 1 1 1 0 1 1 1 756 

GEN 56
FIT_MEAN 598.6
1 1 1 1 0 0 1 1 1 0 0 1 1 1 1 1 1 1 1 800 
1 1 1 1 0 0 1 1 1 0 0 1 1 1 1 1 1 1 1 800 
1 1 1 1 0 0 1 1 1 0 0 1 1 1 1 1 1 1 1 800 
0 0 1 1 0 1 1 1 1 0 1 1 1 1 0 0 0 0 1 576 
0 0 1 0 0 0 0 1 0 1 0 0 0 1 1 0 1 1 1 497 
0 0 1 1 1 0 1 1 0 0 1 1 0 1 0 0 0 0 0 350 
1 0 1 0 0 0 1 1 0 1 0 1 0 0 1 0 0 1 0 427 
0 0 0 0 1 0 1 0 0 1 0 1 0 1 1 0 0 0 0 280 
1 1 1 1 1 1 0 0 0 0 1 1 1 1 0 0 0 1 1 647 
0 0 1 1 1 1 1 1 1 0 0 1 1 1 1 0 1 1 1 809 

GEN 57
FIT_MEAN 607.8
0 0 1 1 1 1 1 1 1 0 0 1 1 1 1 0 1 1 1 809 
1 1 1 1 0 0 1 1 1 0 0 1 1 1 1 1 1 1 1 800 
1 1 1 1 0 0 1 1 1 0 0 1 1 1 1 1 1 1 1 800 
0 0 1 1 0 1 1 1 1 0 1 1 1 1 0 0 0 0 1 576 
0 0 1 0 0 0 0 1 0 1 0 0 0 1 1 0 1 1 1 497 
0 0 1 1 1 0 1 0 0 0 1 1 0 1 0 0 0 0 0 334 
1 0 1 0 0 0 1 1 0 1 0 1 0 0 1 0 0 1 0 427 
0 0 0 0 1 0 1 0 0 1 0 1 0 1 1 0 0 0 0 280 
1 1 1 1 1 1 0 0 0 0 1 1 1 1 0 0 1 1 1 746 
0 0 1 1 1 1 1 1 1 0 0 1 1 1 1 0 1 1 1 809 

GEN 58
FIT_MEAN 608.7
0 0 1 1 1 1 1 1 1 0 0 1 1 1 1 0 1 1 1 809 
0 0 1 1 1 1 1 1 1 0 0 1 1 1 1 0 1 1 1 809 
1 1 1 1 0 0 1 1 1 0 0 1 1 1 1 1 1 1 1 800 
0 0 1 1 0 1 1 1 1 0 1 1 1 1 0 0 0 0 1 576 
0 0 1 0 0 0 0 1 0 1 0 0 0 1 1 0 1 1 1 497 
0 0 1 1 1 0 1 0 0 0 1 1 0 1 0 0 0 0 0 334 
1 0 1 0 0 0 1 1 0 1 0 1 0 0 1 0 0 1 0 427 
0 0 0 0 1 0 1 0 0 1 0 1 0 1 1 0 0 0 0 280 
1 1 1 1 1 1 0 0 0 0 1 1 1 1 0 0 1 1 1 746 
0 0 1 1 1 1 1 1 1 0 0 1 1 1 1 0 1 1 1 809 

GEN 59
FIT_MEAN 582.9
0 0 1 1 1 1 1 1 1 0 0 1 1 1 1 0 1 1 1 809 
0 0 1 1 1 1 1 1 1 0 0 1 1 1 1 0 1 1 1 809 
0 0 1 1 1 1 1 1 1 0 0 1 1 1 1 0 1 1 1 809 
0 0 1 1 0 1 1 1 1 0 1 1 0 1 0 0 0 0 1 495 
0 0 1 0 0 0 0 1 0 1 0 0 0 1 1 0 1 1 1 497 
0 0 1 1 1 0 1 0 0 0 1 1 0 1 0 0 0 0 0 334 
1 0 1 0 0 0 1 1 0 1 0 1 0 0 1 0 0 0 0 334 
0 0 0 0 1 0 1 0 0 1 0 1 0 1 1 0 0 0 0 280 
1 1 1 1 1 1 0 0 0 0 1 1 1 1 0 0 1 0 1 653 
0 0 1 1 1 1 1 1 1 0 0 1 1 1 1 0 1 1 1 809 

GEN 60
FIT_MEAN 593.8
0 0 1 1 1 1 1 1 1 0 0 1 1 1 1 0 1 1 1 809 
0 0 1 1 1 1 1 1 1 0 0 1 1 1 1 0 1 1 1 809 
0 0 1 1 1 1 1 1 1 0 0 1 1 1 1 0 1 1 1 809 
0 0 1 1 0 1 1 1 1 0 1 1 0 1 0 0 0 0 1 495 
0 0 1 0 0 0 0 1 0 1 0 0 0 1 1 0 1 1 1 497 
0 0 1 1 1 0 1 0 0 0 1 1 0 1 0 0 0 0 0 334 
1 0 1 0 0 0 1 1 0 1 0 1 0 0 1 0 0 0 0 334 
0 0 0 0 1 0 1 1 0 1 0 1 0 1 1 0 0 0 0 296 
1 1 1 1 1 1 0 0 0 0 1 1 1 1 0 0 1 1 1 746 
0 0 1 1 1 1 1 1 1 0 0 1 1 1 1 0 1 1 1 809 

GEN 61
FIT_MEAN 593.8
0 0 1 1 1 1 1 1 1 0 0 1 1 1 1 0 1 1 1 809 
0 0 1 1 1 1 1 1 1 0 0 1 1 1 1 0 1 1 1 809 
0 0 1 1 1 1 1 1 1 0 0 1 1 1 1 0 1 1 1 809 
0 0 1 1 0 1 1 1 1 0 1 1 0 1 0 0 0 0 1 495 
0 0 1 0 0 0 0 1 0 1 0 0 0 1 1 0 1 1 1 497 
0 0 1 1 1 0 1 0 0 0 1 1 0 1 0 0 0 0 0 334 
1 0 1 0 0 0 1 1 0 1 0 1 0 0 1 0 0 0 0 334 
0 0 0 0 1 0 1 1 0 1 0 1 0 1 1 0 0 0 0 296 
1 1 1 1 1 1 0 0 0 0 1 1 1 1 0 0 1 1 1 746 
0 0 1 1 1 1 1 1 1 0 0 1 1 1 1 0 1 1 1 809 

GEN 62
FIT_MEAN 599.1
0 0 1 1 1 1 1 1 1 0 0 1 1 1 1 0 1 1 1 809 
0 0 1 1 1 1 1 1 1 0 0 1 1 1 1 0 1 1 1 809 
0 0 1 1 1 1 1 1 1 0 0 1 1 1 1 0 1 1 1 809 
0 0 1 1 0 1 1 1 1 0 1 1 0 1 0 0 0 0 1 495 
0 0 1 0 1 0 0 1 0 1 0 0 0 1 1 0 1 1 1 550 
0 0 1 1 1 0 1 0 0 0 1 1 0 1 0 0 0 0 0 334 
1 0 1 0 0 0 1 1 0 1 0 1 0 0 1 0 0 0 0 334 
0 0 0 0 1 0 1 1 0 1 0 1 0 1 1 0 0 0 0 296 
1 1 1 1 1 1 0 0 0 0 1 1 1 1 0 0 1 1 1 746 
0 0 1 1 1 1 1 1 1 0 0 1 1 1 1 0 1 1 1 809 

GEN 63
FIT_MEAN 529.5
0 0 1 1 1 1 1 1 1 0 0 1 1 1 1 0 1 1 1 809 
0 0 1 1 1 1 1 1 1 0 0 1 1 1 1 0 1 1 1 809 
0 0 1 1 1 1 1 1 1 0 0 1 1 1 1 0 1 1 1 809 
0 0 1 1 0 1 1 1 1 0 1 1 0 1 0 0 0 0 1 495 
0 0 1 0 1 0 0 1 0 1 0 0 0 1 1 0 1 1 1 550 
0 0 1 1 1 0 1 0 0 1 1 1 0 1 0 0 0 0 0 430 
1 0 1 0 0 0 1 1 0 1 1 1 0 0 1 0 0 0 0 375 
1 0 0 0 1 0 1 1 0 1 0 1 0 1 1 0 0 0 0 310 
1 0 1 1 1 1 0 0 0 0 1 1 1 1 0 0 1 1 1 710 
0 0 1 1 1 1 1 1 1 0 0 1 1 1 1 1 1 1 1 -2 

GEN 64
FIT_MEAN 600.5
0 0 1 1 1 1 1 1 1 0 0 1 1 1 1 0 1 1 1 809 
0 0 1 1 1 1 1 1 1 0 0 1 1 1 1 0 1 1 1 809 
0 0 1 1 1 1 1 1 1 0 0 1 1 1 1 0 1 1 1 809 
0 1 1 1 0 1 1 1 1 0 1 1 0 1 0 0 0 0 1 531 
0 0 0 0 1 0 0 1 0 1 0 0 0 1 1 0 1 1 1 472 
0 0 1 1 1 0 1 0 0 1 1 1 0 1 0 0 0 0 0 430 
1 0 0 0 0 0 1 1 0 1 1 1 0 0 1 0 0 0 0 297 
1 0 0 0 1 0 1 1 0 1 0 1 0 1 1 0 0 0 0 310 
1 0 1 1 1 1 0 0 0 0 1 1 1 1 0 0 1 1 1 710 
0 0 1 1 1 1 1 1 1 0 0 1 1 1 0 1 1 1 1 828 

GEN 65
FIT_MEAN 606
0 0 1 1 1 1 1 1 1 0 0 1 1 1 0 1 1 1 1 828 
0 0 1 1 1 1 1 1 1 0 0 1 1 1 1 0 1 1 1 809 
0 0 1 1 1 1 1 1 1 0 0 1 1 1 1 0 1 1 1 809 
0 1 1 1 0 1 1 1 1 1 1 1 0 1 0 0 0 0 1 627 
0 0 0 0 1 0 0 1 0 1 0 0 0 1 1 0 1 1 1 472 
0 0 1 1 1 0 1 0 0 1 1 1 0 1 0 0 0 0 0 430 
1 0 0 0 0 0 1 1 0 1 1 1 0 0 1 0 0 0 0 297 
1 0 0 0 1 0 1 1 0 1 0 1 0 1 1 0 0 0 0 310 
1 0 1 0 1 1 0 0 0 0 1 1 1 1 0 0 1 1 1 650 
0 0 1 1 1 1 1 1 1 0 0 1 1 1 0 1 1 1 1 828 

GEN 66
FIT_MEAN 607.9
0 0 1 1 1 1 1 1 1 0 0 1 1 1 0 1 1 1 1 828 
0 0 1 1 1 1 1 1 1 0 0 1 1 1 0 1 1 1 1 828 
0 0 1 1 1 1 1 1 1 0 0 1 1 1 1 0 1 1 1 809 
0 0 1 1 0 1 1 1 1 1 1 1 0 1 0 0 0 0 1 591 
0 0 0 0 1 0 0 1 0 1 0 0 0 1 1 0 1 1 1 472 
0 0 1 1 1 0 1 0 0 1 1 1 0 1 0 0 0 0 0 430 
1 1 0 0 0 0 1 1 0 1 1 1 0 0 1 0 0 0 0 333 
1 0 0 0 1 0 1 1 0 1 0 1 0 1 1 0 0 0 0 310 
1 0 1 0 1 1 0 0 0 0 1 1 1 1 0 0 1 1 1 650 
0 0 1 1 1 1 1 1 1 0 0 1 1 1 0 1 1 1 1 828 

GEN 67
FIT_MEAN 633.5
0 0 1 1 1 1 1 1 1 0 0 1 1 1 0 1 1 1 1 828 
0 0 1 1 1 1 1 1 1 0 0 1 1 1 0 1 1 1 1 828 
0 0 1 1 1 1 1 1 1 0 0 1 1 1 0 1 1 1 1 828 
0 0 1 1 0 1 1 1 1 1 1 1 0 1 0 0 0 0 1 591 
0 0 0 1 1 0 0 1 0 1 0 0 0 1 1 0 1 1 1 532 
0 0 1 1 1 0 1 0 0 1 1 1 0 1 0 0 1 0 0 529 
1 1 0 0 0 0 1 1 0 1 1 1 0 0 1 0 0 0 0 333 
1 0 1 0 1 0 1 1 0 1 0 1 0 1 1 0 0 0 0 388 
1 0 1 0 1 1 0 0 0 0 1 1 1 1 0 0 1 1 1 650 
0 0 1 1 1 1 1 1 1 0 0 1 1 1 0 1 1 1 1 828 

GEN 68
FIT_MEAN 637.1
0 0 1 1 1 1 1 1 1 0 0 1 1 1 0 1 1 1 1 828 
0 0 1 1 1 1 1 1 1 0 0 1 1 1 0 1 1 1 1 828 
0 0 1 1 1 1 1 1 1 0 0 1 1 1 0 1 1 1 1 828 
0 0 1 1 0 1 1 1 1 1 1 1 0 1 0 0 0 0 1 591 
0 1 0 1 1 0 0 1 0 1 0 0 0 1 1 0 1 1 1 568 
0 0 1 1 1 0 1 0 0 1 1 1 0 1 0 0 1 0 0 529 
1 1 0 0 0 0 1 1 0 1 1 1 0 0 1 0 0 0 0 333 
1 0 1 0 1 0 1 1 0 1 0 1 0 1 1 0 0 0 0 388 
1 0 1 0 1 1 0 0 0 0 1 1 1 1 0 0 1 1 1 650 
0 0 1 1 1 1 1 1 1 0 0 1 1 1 0 1 1 1 1 828 

GEN 69
FIT_MEAN 637
0 0 1 1 1 1 1 1 1 0 0 1 1 1 0 1 1 1 1 828 
0 0 1 1 1 1 1 1 1 0 0 1 1 1 0 1 1 1 1 828 
0 0 1 1 1 1 1 1 1 0 0 1 1 1 0 1 1 1 1 828 
0 0 1 1 0 1 1 1 1 1 1 1 0 1 0 0 0 0 1 591 
0 1 0 1 1 0 0 1 0 1 0 0 0 1 1 0 1 1 1 568 
0 0 1 1 1 0 1 0 0 1 1 1 0 1 0 0 1 0 0 529 
1 1 0 0 0 0 1 1 0 1 1 1 0 0 1 0 0 0 0 333 
1 0 1 0 1 0 1 1 0 1 0 1 0 1 1 0 0 0 0 388 
1 0 1 0 1 1 0 0 0 0 1 1 1 1 0 0 1 1 1 650 
0 0 1 1 1 1 1 1 1 0 0 1 1 0 0 1 1 1 1 827 

GEN 70
FIT_MEAN 635.6
0 0 1 1 1 1 1 1 1 0 0 1 1 1 0 1 1 1 1 828 
0 0 1 1 1 1 1 1 1 0 0 1 1 1 0 1 1 1 1 828 
0 0 1 1 1 1 1 1 1 0 0 1 1 1 0 1 1 1 1 828 
0 0 1 1 0 1 1 1 1 1 1 1 0 1 0 0 0 0 1 591 
0 1 0 1 1 0 0 1 0 1 0 0 0 1 1 0 1 1 1 568 
0 0 1 1 1 0 1 0 0 1 1 1 0 1 0 0 1 0 0 529 
1 1 0 0 0 0 1 1 0 1 1 1 0 0 1 0 0 0 0 333 
1 0 1 0 1 0 1 1 0 1 0 1 0 1 1 0 0 0 0 388 
0 0 1 0 1 1 0 0 0 0 1 1 1 1 0 0 1 1 1 636 
0 0 1 1 1 1 1 1 1 0 0 1 1 0 0 1 1 1 1 827 

GEN 71
FIT_MEAN 647.6
0 0 1 1 1 1 1 1 1 0 0 1 1 1 0 1 1 1 1 828 
0 0 1 1 1 1 1 1 1 0 0 1 1 1 0 1 1 1 1 828 
0 0 1 1 1 1 1 1 1 0 0 1 1 1 0 1 1 1 1 828 
0 0 1 1 0 1 1 1 1 1 1 1 0 1 0 0 0 0 1 591 
0 1 0 1 1 0 0 1 0 1 0 0 0 1 1 0 1 1 1 568 
0 0 1 1 1 0 1 0 0 1 1 1 1 1 0 0 1 0 0 610 
1 1 0 0 0 0 1 1 0 1 1 1 0 0 1 0 0 0 0 333 
1 0 1 0 1 0 1 1 0 1 0 1 0 1 1 0 0 1 0 481 
0 0 1 0 1 0 0 0 0 0 1 1 1 1 0 0 1 1 1 582 
0 0 1 1 1 1 1 1 1 0 0 1 1 0 0 1 1 1 1 827 

GEN 72
FIT_MEAN 649.2
0 0 1 1 1 1 1 1 1 0 0 1 1 1 0 1 1 1 1 828 
0 0 1 1 1 1 1 1 1 0 0 1 1 1 0 1 1 1 1 828 
0 0 1 1 1 1 1 1 1 0 0 1 1 1 0 1 1 1 1 828 
0 0 1 1 0 1 1 1 1 1 1 1 0 1 0 0 0 0 1 591 
0 1 0 1 1 0 0 1 0 1 0 0 0 1 1 0 1 1 1 568 
0 0 1 1 1 0 1 1 0 1 1 1 1 1 0 0 1 0 0 626 
1 1 0 0 0 0 1 1 0 1 1 1 0 0 1 0 0 0 0 333 
1 0 1 0 1 0 1 1 0 1 0 1 0 1 1 0 0 1 0 481 
0 0 1 0 1 0 0 0 0 0 1 1 1 1 0 0 1 1 1 582 
0 0 1 1 1 1 1 1 1 0 0 1 1 0 0 1 1 1 1 827 

GEN 73
FIT_MEAN 652.1
0 0 1 1 1 1 1 1 1 0 0 1 1 1 0 1 1 1 1 828 
0 0 1 1 1 1 1 1 1 0 0 1 1 1 0 1 1 1 1 828 
0 0 1 1 1 1 1 1 1 0 0 1 1 1 0 1 1 1 1 828 
0 0 1 1 0 1 1 1 1 1 1 1 0 1 0 0 0 0 1 591 
0 1 0 1 1 0 0 1 0 1 0 0 0 1 1 0 1 1 1 568 
0 0 1 1 1 0 1 1 0 1 1 1 1 1 0 0 1 0 0 626 
1 1 0 0 0 0 1 1 0 1 1 1 0 0 1 0 0 0 0 333 
1 0 1 0 1 0 1 1 0 1 0 1 0 1 1 0 0 1 0 481 
0 0 1 0 1 0 0 0 0 0 1 1 1 1 1 0 1 1 1 611 
0 0 1 1 1 1 1 1 1 0 0 1 1 0 0 1 1 1 1 827 

GEN 74
FIT_MEAN 644
0 0 1 1 1 1 1 1 1 0 0 1 1 1 0 1 1 1 1 828 
0 0 1 1 1 1 1 1 1 0 0 1 1 1 0 1 1 1 1 828 
0 0 1 1 1 1 1 1 1 0 0 1 1 1 0 1 1 1 1 828 
0 0 1 1 0 1 1 1 1 1 1 1 0 1 0 0 0 0 1 591 
0 1 0 1 1 0 0 1 0 1 0 0 0 1 1 0 1 1 1 568 
0 0 1 1 1 0 1 1 0 1 1 1 1 1 0 0 1 0 0 626 
1 1 0 0 0 0 1 1 0 1 1 1 0 0 1 0 0 0 0 333 
1 0 1 0 1 0 1 1 0 1 0 1 0 1 1 0 0 1 0 481 
0 0 1 0 1 0 0 0 0 0 1 1 1 1 1 0 1 1 1 611 
0 0 1 1 1 1 1 1 1 0 0 1 0 0 0 1 1 1 1 746 

GEN 75
FIT_MEAN 630.7
0 0 1 1 1 1 1 1 1 0 0 1 1 1 0 1 1 1 1 828 
0 0 1 1 1 1 1 1 1 0 0 1 1 1 0 1 1 1 1 828 
0 0 1 1 1 1 1 1 1 0 0 1 1 1 0 1 1 1 1 828 
0 0 1 1 0 1 1 1 1 1 1 1 0 1 0 0 0 0 1 591 
0 1 0 1 1 0 0 1 0 1 0 0 0 1 1 0 1 1 1 568 
0 0 1 1 1 0 0 1 0 1 1 1 1 1 0 0 1 0 0 576 
1 1 0 0 0 0 1 1 0 1 1 1 0 0 0 0 0 0 0 304 
1 0 1 0 1 0 1 1 0 1 0 1 0 1 1 0 0 1 0 481 
0 0 1 0 1 0 0 0 0 0 1 1 1 1 1 0 1 1 1 611 
0 0 1 1 1 0 1 1 1 0 0 1 0 0 0 1 1 1 1 692 

GEN 76
FIT_MEAN 636.5
0 0 1 1 1 1 1 1 1 0 0 1 1 1 0 1 1 1 1 828 
0 0 1 1 1 1 1 1 1 0 0 1 1 1 0 1 1 1 1 828 
0 0 1 1 1 1 1 1 1 0 0 1 1 1 0 1 1 1 1 828 
0 0 1 1 0 1 1 1 1 1 1 1 0 1 0 0 0 0 1 591 
0 1 0 1 1 0 0 1 0 1 0 0 0 1 1 0 1 1 0 483 
0 0 1 1 1 0 1 1 0 1 1 1 1 1 0 0 1 0 0 626 
1 1 0 0 0 0 1 1 0 1 1 1 0 0 0 0 0 1 0 397 
1 0 1 0 1 0 1 1 0 1 0 1 0 1 1 0 0 1 0 481 
0 0 1 0 1 0 0 0 0 0 1 1 1 1 1 0 1 1 1 611 
0 0 1 1 1 0 1 1 1 0 0 1 0 0 0 1 1 1 1 692 

GEN 77
FIT_MEAN 626.9
0 0 1 1 1 1 1 1 1 0 0 1 1 1 0 1 1 1 1 828 
0 0 1 1 1 1 1 1 1 0 0 1 1 1 0 1 1 1 1 828 
0 0 1 1 1 1 1 1 1 0 0 1 1 1 0 1 1 1 1 828 
0 0 1 1 0 1 1 1 1 1 1 1 0 1 0 0 0 0 1 591 
0 1 0 1 1 0 0 1 0 1 0 0 0 1 1 0 0 1 0 384 
0 0 1 1 1 0 1 1 0 1 1 1 1 0 0 0 1 0 0 625 
1 1 0 0 0 0 0 1 0 1 1 1 0 0 0 0 0 1 0 347 
1 0 1 0 1 0 1 1 0 1 0 1 0 1 1 0 0 1 0 481 
0 0 1 0 1 1 0 0 0 0 1 1 1 1 1 0 1 1 1 665 
0 0 1 1 1 0 1 1 1 0 0 1 0 0 0 1 1 1 1 692 

GEN 78
FIT_MEAN 622.5
0 0 1 1 1 1 1 1 1 0 0 1 1 1 0 1 1 1 1 828 
0 0 1 1 1 1 1 1 1 0 0 1 1 1 0 1 1 1 1 828 
0 0 1 1 1 1 1 1 1 0 0 1 1 1 0 1 1 1 1 828 
0 0 1 1 1 1 1 1 1 1 1 1 0 1 0 0 0 0 1 644 
0 1 0 0 1 0 0 1 0 1 0 0 0 1 1 0 0 1 0 324 
0 0 1 1 1 0 1 1 0 1 1 1 1 0 0 1 1 0 0 673 
1 1 0 0 0 0 0 1 0 1 1 1 0 0 0 0 0 1 0 347 
1 0 1 0 1 0 1 1 0 1 0 1 0 1 1 0 0 1 0 481 
0 0 1 0 1 1 0 0 0 0 1 1 1 1 1 0 1 1 1 665 
0 0 1 1 1 0 1 1 1 0 0 1 0 0 0 1 1 1 0 607 

GEN 79
FIT_MEAN 622.6
0 0 1 1 1 1 1 1 1 0 0 1 1 1 0 1 1 1 1 828 
0 0 1 1 1 1 1 1 1 0 0 1 1 1 0 1 1 1 1 828 
0 0 1 1 1 1 1 1 1 0 0 1 1 1 0 1 1 1 1 828 
0 0 1 1 1 1 1 1 1 1 1 1 0 1 0 0 0 0 1 644 
0 1 0 0 1 0 0 1 0 1 0 0 0 1 1 0 0 1 0 324 
0 0 1 1 1 0 1 1 0 1 1 1 1 1 0 1 1 0 0 674 
1 1 0 0 0 0 0 1 0 1 1 1 0 0 0 0 0 1 0 347 
1 0 1 0 1 0 1 1 0 1 0 1 0 1 1 0 0 1 0 481 
0 0 1 0 1 1 0 0 0 0 1 1 1 1 1 0 1 1 1 665 
0 0 1 1 1 0 1 1 1 0 0 1 0 0 0 1 1 1 0 607 

GEN 80
FIT_MEAN 614.8
0 0 1 1 1 1 1 1 1 0 0 1 1 1 0 1 1 1 1 828 
0 0 1 1 1 1 1 1 1 0 0 1 1 1 0 1 1 1 1 828 
0 0 1 1 1 1 1 1 1 0 0 1 1 1 0 1 1 1 1 828 
0 0 1 1 1 1 1 1 1 1 1 1 0 1 0 0 0 0 1 644 
0 1 0 0 1 0 0 1 0 1 0 0 0 1 1 0 0 1 0 324 
0 0 0 1 1 0 1 1 0 1 1 1 1 1 0 1 1 0 0 596 
1 1 0 0 0 0 0 1 0 1 1 1 0 0 0 0 0 1 0 347 
1 0 1 0 1 0 1 1 0 1 0 1 0 1 1 0 0 1 0 481 
0 0 1 0 1 1 0 0 0 0 1 1 1 1 1 0 1 1 1 665 
0 0 1 1 1 0 1 1 1 0 0 1 0 0 0 1 1 1 0 607 

GEN 81
FIT_MEAN 620.2
0 0 1 1 1 1 1 1 1 0 0 1 1 1 0 1 1 1 1 828 
0 0 1 1 1 1 1 1 1 0 0 1 1 1 0 1 1 1 1 828 
0 0 1 1 1 1 1 1 1 0 0 1 1 1 0 1 1 1 1 828 
0 0 1 1 1 1 1 1 1 1 1 1 0 1 0 0 0 0 1 644 
0 1 0 0 1 0 0 1 0 1 0 0 0 1 1 0 0 1 0 324 
0 0 0 1 1 1 1 1 0 1 1 1 1 1 0 1 1 0 0 650 
1 1 0 0 0 0 0 1 0 1 1 1 0 0 0 0 0 1 0 347 
1 0 1 0 1 0 1 1 0 1 0 1 0 1 1 0 0 1 0 481 
0 0 1 0 1 1 0 0 0 0 1 1 1 1 1 0 1 1 1 665 
0 0 1 1 1 0 1 1 1 0 0 1 0 0 0 1 1 1 0 607 

GEN 82
FIT_MEAN 620.2
0 0 1 1 1 1 1 1 1 0 0 1 1 1 0 1 1 1 1 828 
0 0 1 1 1 1 1 1 1 0 0 1 1 1 0 1 1 1 1 828 
0 0 1 1 1 1 1 1 1 0 0 1 1 1 0 1 1 1 1 828 
0 0 1 1 1 1 1 1 1 1 1 1 0 1 0 0 0 0 1 644 
0 1 0 0 1 0 0 1 0 1 0 0 0 1 1 0 0 1 0 324 
0 0 0 1 1 1 1 1 0 1 1 1 1 1 0 1 1 0 0 650 
1 1 0 0 0 0 0 1 0 1 1 1 0 0 0 0 0 1 0 347 
1 0 1 0 1 0 1 1 0 1 0 1 0 1 1 0 0 1 0 481 
0 0 1 0 1 1 0 0 0 0 1 1 1 1 1 0 1 1 1 665 
0 0 1 1 1 0 1 1 1 0 0 1 0 0 0 1 1 1 0 607 

GEN 83
FIT_MEAN 620.2
0 0 1 1 1 1 1 1 1 0 0 1 1 1 0 1 1 1 1 828 
0 0 1 1 1 1 1 1 1 0 0 1 1 1 0 1 1 1 1 828 
0 0 1 1 1 1 1 1 1 0 0 1 1 1 0 1 1 1 1 828 
0 0 1 1 1 1 1 1 1 1 1 1 0 1 0 0 0 0 1 644 
0 1 0 0 1 0 0 1 0 1 0 0 0 1 1 0 0 1 0 324 
0 0 0 1 1 1 1 1 0 1 1 1 1 1 0 1 1 0 0 650 
1 1 0 0 0 0 0 1 0 1 1 1 0 0 0 0 0 1 0 347 
1 0 1 0 1 0 1 1 0 1 0 1 0 1 1 0 0 1 0 481 
0 0 1 0 1 1 0 0 0 0 1 1 1 1 1 0 1 1 1 665 
0 0 1 1 1 0 1 1 1 0 0 1 0 0 0 1 1 1 0 607 

GEN 84
FIT_MEAN 624.3
0 0 1 1 1 1 1 1 1 0 0 1 1 1 0 1 1 1 1 828 
0 0 1 1 1 1 1 1 1 0 0 1 1 1 0 1 1 1 1 828 
0 0 1 1 1 1 1 1 1 0 0 1 1 1 0 1 1 1 1 828 
0 0 1 1 1 1 1 1 1 1 1 1 0 1 0 0 0 0 1 644 
0 1 0 0 1 0 0 1 0 1 1 0 0 1 1 0 0 1 0 365 
0 0 0 1 1 1 1 1 0 1 1 1 1 1 0 1 1 0 0 650 
1 1 0 0 0 0 0 1 0 1 1 1 0 0 0 0 0 1 0 347 
1 0 1 0 1 0 1 1 0 1 0 1 0 1 1 0 0 1 0 481 
0 0 1 0 1 1 0 0 0 0 1 1 1 1 1 0 1 1 1 665 
0 0 1 1 1 0 1 1 1 0 0 1 0 0 0 1 1 1 0 607 

GEN 85
FIT_MEAN 621.3
0 0 1 1 1 1 1 1 1 0 0 1 1 1 0 1 1 1 1 828 
0 0 1 1 1 1 1 1 1 0 0 1 1 1 0 1 1 1 1 828 
0 0 1 1 1 1 1 1 1 0 0 1 1 1 0 1 1 1 1 828 
0 0 1 1 1 1 1 1 1 1 1 1 0 1 0 0 0 0 1 644 
0 1 0 0 1 0 0 1 0 1 1 0 0 1 1 0 0 1 0 365 
0 0 0 1 1 1 1 1 0 1 1 1 1 1 0 1 1 0 1 735 
1 1 0 0 0 0 0 1 0 1 1 1 0 0 0 0 0 1 0 347 
1 0 1 0 1 0 1 1 0 1 0 0 0 1 1 0 0 1 0 430 
0 0 1 0 1 1 0 0 0 0 1 1 1 1 1 0 1 0 1 572 
0 0 1 1 1 0 1 1 1 0 0 1 0 0 1 1 1 1 0 636 

GEN 86
FIT_MEAN 612.8
0 0 1 1 1 1 1 1 1 0 0 1 1 1 0 1 1 1 1 828 
0 0 1 1 1 1 1 1 1 0 0 1 1 1 0 1 1 1 1 828 
0 0 1 1 1 1 1 1 1 0 0 1 1 1 0 1 1 1 1 828 
0 0 1 1 1 1 1 1 1 1 1 1 0 1 0 0 0 0 1 644 
0 1 0 0 1 0 0 1 0 1 1 0 0 1 1 0 0 1 0 365 
0 0 0 1 1 1 1 1 0 1 1 1 1 1 0 1 1 0 0 650 
1 1 0 0 0 0 0 1 0 1 1 1 0 0 0 0 0 1 0 347 
1 0 1 0 1 0 1 1 0 1 0 0 0 1 1 0 0 1 0 430 
0 0 1 0 1 1 0 0 0 0 1 1 1 1 1 0 1 0 1 572 
0 0 1 1 1 0 1 1 1 0 0 1 0 0 1 1 1 1 0 636 

GEN 87
FIT_MEAN 616.9
0 0 1 1 1 1 1 1 1 0 0 1 1 1 0 1 1 1 1 828 
0 0 1 1 1 1 1 1 1 0 0 1 1 1 0 1 1 1 1 828 
0 0 1 1 1 1 1 1 1 0 0 1 1 1 0 1 1 1 1 828 
0 0 1 1 1 1 1 1 1 1 1 1 0 1 0 0 0 0 1 644 
0 1 0 0 1 0 0 1 0 1 1 0 0 1 1 0 0 1 0 365 
0 0 0 1 1 1 1 1 0 1 1 1 1 1 0 1 1 0 0 650 
1 1 0 0 0 0 0 1 0 1 1 1 0 0 0 0 0 1 0 347 
1 0 1 0 1 0 1 1 0 1 1 0 0 1 1 0 0 1 0 471 
0 0 1 0 1 1 0 0 0 0 1 1 1 1 1 0 1 0 1 572 
0 0 1 1 1 0 1 1 1 0 0 1 0 0 1 1 1 1 0 636 

GEN 88
FIT_MEAN 619.6
0 0 1 1 1 1 1 1 1 0 0 1 1 1 0 1 1 1 1 828 
0 0 1 1 1 1 1 1 1 0 0 1 1 1 0 1 1 1 1 828 
0 0 1 1 1 1 1 1 1 0 0 1 1 1 0 1 1 1 1 828 
0 0 1 1 1 1 1 1 1 1 1 0 0 1 0 0 0 0 1 593 
0 1 1 0 1 0 0 1 0 1 1 0 0 1 1 0 0 1 0 443 
0 0 0 1 1 1 1 1 0 1 1 1 1 1 0 1 1 0 0 650 
1 1 0 0 0 0 0 1 0 1 1 1 0 0 0 0 0 1 0 347 
1 0 1 0 1 0 1 1 0 1 1 0 0 1 1 0 0 1 0 471 
0 0 1 0 1 1 0 0 0 0 1 1 1 1 1 0 1 0 1 572 
0 0 1 1 1 0 1 1 1 0 0 1 0 0 1 1 1 1 0 636 

GEN 89
FIT_MEAN 616.7
0 0 1 1 1 1 1 1 1 0 0 1 1 1 0 1 1 1 1 828 
0 0 1 1 1 1 1 1 1 0 0 1 1 1 0 1 1 1 1 828 
0 0 1 1 1 1 1 1 1 0 0 1 1 1 0 1 1 1 1 828 
0 0 1 1 1 1 1 1 1 1 1 0 0 1 0 0 0 0 1 593 
0 1 1 0 1 0 0 1 0 1 1 0 0 1 0 0 0 1 0 414 
0 0 0 1 1 1 1 1 0 1 1 1 1 1 0 1 1 0 0 650 
1 1 0 0 0 0 0 1 0 1 1 1 0 0 0 0 0 1 0 347 
1 0 1 0 1 0 1 1 0 1 1 0 0 1 1 0 0 1 0 471 
0 0 1 0 1 1 0 0 0 0 1 1 1 1 1 0 1 0 1 572 
0 0 1 1 1 0 1 1 1 0 0 1 0 0 1 1 1 1 0 636 

GEN 90
FIT_MEAN 556.2
0 0 1 1 1 1 1 1 1 0 0 1 1 1 0 1 1 1 1 828 
0 0 1 1 1 1 1 1 1 0 0 1 1 1 0 1 1 1 1 828 
0 0 1 1 1 1 1 1 1 0 0 1 1 1 0 1 1 1 1 828 
0 0 1 1 1 1 1 1 1 1 1 0 0 1 0 0 0 0 1 593 
0 1 1 0 1 0 0 1 0 1 1 0 0 1 0 0 0 1 0 414 
0 0 0 1 1 1 1 1 0 1 1 1 1 1 0 1 1 1 0 -3 
1 1 0 0 0 0 0 1 0 1 1 1 0 0 0 0 0 1 0 347 
1 0 1 0 1 0 1 1 0 1 1 0 0 1 1 1 0 1 0 519 
0 0 1 0 1 1 0 0 0 0 1 1 1 1 1 0 1 0 1 572 
0 0 1 1 1 0 1 1 1 0 0 1 0 0 1 1 1 1 0 636 

GEN 91
FIT_MEAN 564.5
0 0 1 1 1 1 1 1 1 0 0 1 1 1 0 1 1 1 1 828 
0 0 1 1 1 1 1 1 1 0 0 1 1 1 0 1 1 1 1 828 
0 0 1 1 1 1 1 1 1 0 0 1 1 1 0 1 1 1 1 828 
0 0 1 1 1 1 1 1 1 1 1 0 0 1 0 0 0 0 1 593 
0 1 1 0 1 0 0 1 0 1 1 0 0 1 0 0 0 1 0 414 
0 0 0 1 1 1 1 1 0 1 1 1 1 1 1 1 1 1 0 -16 
1 1 0 0 0 0 0 1 0 1 1 1 0 0 0 0 0 1 0 347 
1 0 1 0 1 0 1 1 0 1 1 0 0 1 1 1 0 1 0 519 
0 0 1 0 1 1 0 0 0 1 1 1 1 1 1 0 1 0 1 668 
0 0 1 1 1 0 1 1 1 0 0 1 0 0 1 1 1 1 0 636 

GEN 92
FIT_MEAN 564.5
0 0 1 1 1 1 1 1 1 0 0 1 1 1 0 1 1 1 1 828 
0 0 1 1 1 1 1 1 1 0 0 1 1 1 0 1 1 1 1 828 
0 0 1 1 1 1 1 1 1 0 0 1 1 1 0 1 1 1 1 828 
0 0 1 1 1 1 1 1 1 1 1 0 0 1 0 0 0 0 1 593 
0 1 1 0 1 0 0 1 0 1 1 0 0 1 0 0 0 1 0 414 
0 0 0 1 1 1 1 1 0 1 1 1 1 1 1 1 1 1 0 -16 
1 1 0 0 0 0 0 1 0 1 1 1 0 0 0 0 0 1 0 347 
1 0 1 0 1 0 1 1 0 1 1 0 0 1 1 1 0 1 0 519 
0 0 1 0 1 1 0 0 0 1 1 1 1 1 1 0 1 0 1 668 
0 0 1 1 1 0 1 1 1 0 0 1 0 0 1 1 1 1 0 636 

GEN 93
FIT_MEAN 566.3
0 0 1 1 1 1 1 1 1 0 0 1 1 1 0 1 1 1 1 828 
0 0 1 1 1 1 1 1 1 0 0 1 1 1 0 1 1 1 1 828 
0 0 1 1 1 1 1 1 1 0 0 1 1 1 0 1 1 1 1 828 
0 0 1 1 1 1 1 1 1 1 1 0 0 1 0 0 0 0 1 593 
0 1 1 0 1 0 0 0 0 1 1 0 0 1 0 0 0 1 0 398 
0 0 0 1 1 1 1 1 1 1 1 1 1 1 1 1 1 1 0 -23 
1 1 0 0 0 0 0 1 0 1 1 1 0 0 0 0 0 1 0 347 
1 0 1 0 1 0 1 1 0 1 1 0 0 1 1 1 0 1 0 519 
0 0 1 0 1 1 0 0 0 1 1 1 1 1 1 0 1 0 1 668 
0 0 1 1 1 0 1 1 1 0 1 1 0 0 1 1 1 1 0 677 

GEN 94
FIT_MEAN 488.8
0 0 1 1 1 1 1 1 1 0 0 1 1 1 0 1 1 1 1 828 
0 0 1 1 1 1 1 1 1 0 0 1 1 1 0 1 1 1 1 828 
0 0 1 1 1 1 1 1 1 0 0 1 1 1 0 1 1 1 1 828 
0 0 1 1 1 1 1 1 1 1 1 0 0 1 0 0 0 0 1 593 
0 1 1 0 1 0 0 0 0 1 1 0 0 1 0 0 0 1 0 398 
0 0 0 1 1 1 1 1 1 1 1 1 1 1 1 1 1 1 0 -23 
1 1 0 0 0 0 0 1 0 0 1 1 0 0 0 0 0 1 0 251 
1 0 1 0 1 0 1 1 0 1 1 0 0 1 1 1 0 1 0 519 
0 0 1 0 1 1 0 0 0 1 1 1 1 1 1 0 1 0 1 668 
1 0 1 1 1 0 1 1 1 0 1 1 0 0 1 1 1 1 0 -2 

GEN 95
FIT_MEAN 494.7
0 0 1 1 1 1 1 1 1 0 0 1 1 1 0 1 1 1 1 828 
0 0 1 1 1 1 1 1 1 0 0 1 1 1 0 1 1 1 1 828 
0 0 1 1 1 1 1 1 1 0 0 1 1 1 0 1 1 1 1 828 
0 0 1 1 1 1 1 1 1 1 1 0 0 1 0 0 0 0 1 593 
0 1 1 0 1 0 0 0 0 1 1 0 0 1 0 0 0 1 0 398 
0 0 0 1 1 1 1 1 1 1 1 1 1 1 1 1 1 1 0 -23 
1 1 0 0 0 0 0 1 1 0 1 1 0 0 0 0 0 1 0 310 
1 0 1 0 1 0 1 1 0 1 1 0 0 1 1 1 0 1 0 519 
0 0 1 0 1 1 0 0 0 1 1 1 1 1 1 0 1 0 1 668 
1 0 1 1 1 0 1 1 1 0 1 1 0 0 1 1 1 1 0 -2 

GEN 96
FIT_MEAN 496.3
0 0 1 1 1 1 1 1 1 0 0 1 1 1 0 1 1 1 1 828 
0 0 1 1 1 1 1 1 1 0 0 1 1 1 0 1 1 1 1 828 
0 0 1 1 1 1 1 1 1 0 0 1 1 1 0 1 1 1 1 828 
0 0 1 1 1 1 1 1 1 1 1 0 0 1 0 0 0 0 1 593 
0 1 1 0 1 0 0 0 0 1 1 0 0 1 0 0 0 1 0 398 
0 0 0 1 1 0 1 1 1 1 1 1 1 1 1 1 1 1 0 -15 
1 1 0 0 0 0 0 1 1 0 1 0 0 0 0 0 0 1 0 259 
1 0 1 0 1 0 1 1 0 1 1 0 0 1 1 1 0 1 0 519 
0 0 1 0 1 1 0 0 1 1 1 1 1 1 1 0 1 0 1 727 
1 0 1 1 1 0 1 1 1 0 1 1 0 0 1 1 1 1 0 -2 

GEN 97
FIT_MEAN 502.6
0 0 1 1 1 1 1 1 1 0 0 1 1 1 0 1 1 1 1 828 
0 0 1 1 1 1 1 1 1 0 0 1 1 1 0 1 1 1 1 828 
0 0 1 1 1 1 1 1 1 0 0 1 1 1 0 1 1 1 1 828 
0 0 1 1 1 1 1 1 1 1 1 0 0 1 0 0 0 0 1 593 
0 1 1 0 1 0 0 0 0 1 1 0 0 1 0 0 0 1 0 398 
0 0 0 1 1 0 1 0 1 1 1 1 1 1 1 1 1 1 0 -2 
1 1 0 0 0 0 0 1 1 0 1 0 0 0 0 0 0 1 0 259 
1 0 1 0 1 0 1 1 0 1 1 0 0 1 1 1 0 1 0 519 
0 0 1 0 1 1 1 0 1 1 1 1 1 1 1 0 1 0 1 777 
1 0 1 1 1 0 1 1 1 0 1 1 0 0 1 1 1 1 0 -2 

GEN 98
FIT_MEAN 502.6
0 0 1 1 1 1 1 1 1 0 0 1 1 1 0 1 1 1 1 828 
0 0 1 1 1 1 1 1 1 0 0 1 1 1 0 1 1 1 1 828 
0 0 1 1 1 1 1 1 1 0 0 1 1 1 0 1 1 1 1 828 
0 0 1 1 1 1 1 1 1 1 1 0 0 1 0 0 0 0 1 593 
0 1 1 0 1 0 0 0 0 1 1 0 0 1 0 0 0 1 0 398 
0 0 0 1 1 0 1 0 1 1 1 1 1 1 1 1 1 1 0 -2 
1 1 0 0 0 0 0 1 1 0 1 0 0 0 0 0 0 1 0 259 
1 0 1 0 1 0 1 1 0 1 1 0 0 1 1 1 0 1 0 519 
0 0 1 0 1 1 1 0 1 1 1 1 1 1 1 0 1 0 1 777 
1 0 1 1 1 0 1 1 1 0 1 1 0 0 1 1 1 1 0 -2 

GEN 99
FIT_MEAN 502.5
0 0 1 1 1 1 1 1 1 0 0 1 1 1 0 1 1 1 1 828 
0 0 1 1 1 1 1 1 1 0 0 1 1 1 0 1 1 1 1 828 
0 0 1 1 1 1 1 1 1 0 0 1 1 1 0 1 1 1 1 828 
0 0 1 1 1 1 1 1 1 1 1 0 0 1 0 0 0 0 1 593 
0 1 1 0 1 0 0 0 0 1 1 0 0 0 0 0 0 1 0 397 
0 0 0 1 1 0 1 0 1 1 1 1 1 1 1 1 1 1 0 -2 
1 1 0 0 0 0 0 1 1 0 1 0 0 0 0 0 0 1 0 259 
1 0 1 0 1 0 1 1 0 1 1 0 0 1 1 1 0 1 0 519 
0 0 1 0 1 1 1 0 1 1 1 1 1 1 1 0 1 0 1 777 
1 0 1 1 1 0 1 1 1 0 1 1 0 0 1 1 1 1 0 -2 

