N 38 C 100

GEN 0
FIT_MEAN -39.6
1 0 0 1 0 1 1 0 1 0 1 1 1 0 0 0 0 1 1 1 0 1 1 1 1 0 1 1 1 0 0 1 0 1 1 1 1 1 -93 
0 1 1 1 0 1 1 0 0 1 0 0 1 1 0 1 0 1 0 0 0 0 0 0 0 1 0 1 1 0 1 0 1 1 1 0 0 1 -27 
1 0 1 1 1 1 0 1 0 1 0 0 0 0 1 0 0 1 1 0 0 1 1 0 0 0 1 1 1 0 1 1 1 0 1 0 0 0 -38 
0 1 0 0 0 1 1 1 0 0 0 1 0 0 1 1 0 0 1 0 1 0 1 0 1 1 0 0 0 0 1 0 1 0 0 1 0 1 -25 
1 0 0 1 0 0 1 1 0 0 0 1 1 0 0 0 1 0 0 0 0 1 0 1 1 0 0 0 1 0 1 0 0 0 0 1 0 0 -12 
0 0 1 1 1 0 1 0 1 0 1 0 1 0 1 1 1 1 1 0 0 1 0 0 0 1 1 1 1 0 1 0 0 1 0 1 0 0 -48 
1 0 1 1 1 1 1 0 0 1 1 0 1 1 0 0 0 1 0 0 0 0 1 0 1 0 1 0 1 0 1 1 0 1 0 0 1 0 -28 
0 1 1 0 1 1 1 1 1 1 1 0 0 0 1 0 0 0 1 0 1 1 0 0 1 0 0 0 0 0 0 0 0 1 1 0 0 0 -29 
0 1 1 1 1 0 1 0 0 0 1 1 0 1 1 1 1 0 0 1 1 0 0 0 0 1 0 0 1 0 0 0 1 1 1 0 0 1 -41 
1 1 1 1 0 1 0 0 1 1 1 1 1 0 1 0 0 0 0 0 1 0 0 0 1 1 0 1 0 1 1 1 0 0 0 1 0 1 -55 

GEN 1
FIT_MEAN -12.2
1 0 0 1 0 0 1 1 0 0 0 1 1 0 0 0 1 0 0 0 0 1 0 1 1 0 0 0 1 0 1 0 0 0 0 1 0 0 -12 
1 0 0 1 0 0 1 1 0 0 0 1 1 0 0 0 1 0 0 0 0 1 0 1 1 0 0 0 1 0 1 0 0 0 0 1 0 0 -12 
1 0 0 1 0 0 1 1 0 0 0 1 1 0 0 0 1 0 0 0 0 1 0 1 1 0 0 0 1 0 1 0 0 0 0 1 0 0 -12 
1 0 0 1 0 0 1 1 0 0 0 1 1 0 0 0 1 0 0 0 0 1 0 1 1 0 0 0 1 0 1 0 0 0 0 1 0 0 -12 
1 0 0 1 0 0 1 1 0 0 0 1 1 1 0 0 1 0 0 0 0 1 0 1 1 0 0 0 1 0 1 0 0 0 0 1 0 0 -17 
1 0 0 1 0 0 1 1 0 0 0 1 1 0 0 0 1 0 0 0 0 1 0 1 1 0 0 0 1 0 0 0 0 0 0 1 0 0 -6 
1 0 0 1 0 0 1 1 0 0 0 1 1 0 0 0 1 0 0 0 0 1 0 1 1 0 0 0 1 0 1 0 0 0 0 1 0 0 -12 
1 0 0 1 0 0 1 1 0 1 0 1 1 0 0 0 1 0 0 0 0 1 0 1 1 0 0 0 1 0 1 0 0 0 0 1 0 0 -15 
1 0 0 1 0 0 1 1 0 0 0 1 1 0 0 0 1 0 0 0 0 1 0 1 1 0 0 0 1 0 1 0 0 0 0 1 0 0 -12 
1 0 0 1 0 0 1 1 0 0 0 1 1 0 0 0 1 0 0 0 0 1 0 1 1 0 0 0 1 0 1 0 0 0 0 1 0 0 -12 

GEN 2
FIT_MEAN -10.4
1 0 0 1 0 0 1 1 0 0 0 1 1 0 0 0 1 0 0 0 0 1 0 1 1 0 0 0 1 0 0 0 0 0 0 1 0 0 -6 
1 0 0 1 0 0 1 1 0 0 0 1 1 0 0 0 1 0 0 0 0 1 0 1 1 0 0 0 1 0 0 0 0 0 0 1 0 0 -6 
1 0 0 1 0 0 1 1 0 0 0 1 1 0 0 0 1 0 0 0 0 1 0 1 1 0 0 0 1 0 0 0 0 0 0 1 0 0 -6 
1 0 0 1 0 0 1 1 0 0 0 1 1 0 0 0 1 0 0 0 0 1 0 1 1 0 0 0 1 0 1 0 0 0 0 1 0 0 -12 
1 0 0 1 0 0 1 1 0 0 0 1 1 0 0 0 1 0 0 0 0 1 0 1 1 0 0 0 1 0 1 0 0 0 0 1 0 0 -12 
1 0 0 1 0 0 1 1 0 0 0 1 1 0 0 0 1 0 0 0 0 1 0 1 1 0 0 0 1 0 0 0 0 0 0 1 0 0 -6 
1 0 0 1 0 0 1 1 0 0 0 1 1 1 0 0 1 0 0 0 0 1 0 1 1 0 0 0 1 0 1 0 0 0 0 1 0 0 -17 
1 0 0 1 0 0 1 1 0 1 0 1 1 0 0 0 1 0 0 0 0 1 0 1 1 0 0 0 1 0 1 0 0 0 0 1 0 0 -15 
1 0 0 1 0 0 1 1 0 0 0 1 1 0 0 0 1 0 0 0 0 1 0 1 1 0 0 0 1 0 1 0 0 0 0 1 0 0 -12 
1 0 0 1 0 0 1 1 0 0 0 1 1 0 0 0 1 0 0 0 0 1 0 1 1 0 0 0 1 0 1 0 0 0 0 1 0 0 -12 

GEN 3
FIT_MEAN 56.2
1 0 0 1 0 0 1 1 0 0 0 1 1 0 0 0 1 0 0 0 0 1 0 1 1 0 0 0 1 0 0 0 0 0 0 1 0 0 -6 
1 0 0 1 0 0 1 1 0 0 0 1 1 0 0 0 1 0 0 0 0 1 0 1 1 0 0 0 1 0 0 0 0 0 0 1 0 0 -6 
1 0 0 1 0 0 1 1 0 0 0 1 1 0 0 0 1 0 0 0 0 1 0 1 1 0 0 0 1 0 0 0 0 0 0 1 0 0 -6 
1 0 0 1 0 0 1 1 0 0 0 1 1 0 0 0 1 0 0 0 0 1 0 1 1 0 0 0 1 0 1 0 0 0 0 1 0 0 -12 
1 0 0 1 0 0 1 1 0 0 0 1 1 0 0 0 0 0 0 0 0 1 0 1 1 0 0 0 1 0 1 0 0 0 0 1 0 0 642 
1 0 0 1 0 0 1 1 0 0 0 1 1 0 0 0 1 0 0 0 0 1 0 1 1 0 0 0 1 0 0 0 0 0 0 1 0 0 -6 
1 0 0 1 0 0 1 1 0 0 0 1 1 1 0 0 1 0 0 0 0 1 0 1 1 0 0 0 1 0 1 0 0 0 0 1 0 0 -17 
1 0 0 1 0 0 1 1 0 1 0 0 1 0 0 0 1 0 0 0 0 1 0 1 1 0 0 0 1 0 1 0 0 0 0 1 0 0 -3 
1 0 0 1 0 0 1 1 0 0 0 1 1 0 0 0 1 0 0 0 0 1 0 1 1 0 0 0 1 0 1 0 0 0 0 1 0 0 -12 
1 0 0 1 0 0 1 1 0 0 0 1 1 0 0 0 1 0 0 0 0 1 0 1 1 0 0 0 1 0 1 0 0 0 0 1 0 0 -12 

GEN 4
FIT_MEAN 251.1
1 0 0 1 0 0 1 1 0 0 0 1 1 0 0 0 0 0 0 0 0 1 0 1 1 0 0 0 1 0 1 0 0 0 0 1 0 0 642 
1 0 0 1 0 0 1 1 0 0 0 1 1 0 0 0 0 0 0 0 0 1 0 1 1 0 0 0 1 0 1 0 0 0 0 1 0 0 642 
1 0 0 1 0 0 1 1 0 0 0 1 1 0 0 0 0 0 0 0 0 1 0 1 1 0 0 0 1 0 1 0 0 0 0 1 0 0 642 
1 0 0 1 0 0 1 1 0 0 0 1 1 0 0 0 1 0 0 0 0 1 0 1 1 0 0 0 1 0 1 0 0 0 0 1 0 0 -12 
1 0 0 1 0 0 1 1 0 0 0 1 1 0 0 0 0 0 0 0 0 1 0 1 1 0 0 0 1 0 1 0 0 0 0 1 0 0 642 
1 0 0 1 0 0 1 1 0 0 0 1 1 0 0 0 1 0 0 0 0 1 0 1 1 0 0 0 0 0 0 0 0 0 0 1 0 0 -1 
1 0 0 1 0 0 1 1 0 0 0 1 1 1 0 0 1 0 0 0 0 1 0 1 1 0 0 0 1 0 1 0 0 0 0 1 0 0 -17 
1 0 0 1 0 0 1 1 0 1 0 0 1 0 0 0 1 0 0 0 0 1 0 1 1 0 0 0 1 0 1 0 0 0 0 1 0 0 -3 
1 0 0 1 0 0 1 1 0 0 0 1 1 0 0 0 1 0 0 0 0 1 0 1 1 0 0 0 1 0 1 0 0 0 0 1 0 0 -12 
1 0 0 1 0 0 1 1 0 0 0 1 1 0 0 0 1 0 0 0 0 1 0 1 1 0 0 0 1 0 1 0 0 0 0 1 0 0 -12 

GEN 5
FIT_MEAN 185.5
1 0 0 1 0 0 1 1 0 0 0 1 1 0 0 0 0 0 0 0 0 1 0 1 1 0 0 0 1 0 1 0 0 0 0 1 0 0 642 
1 0 0 1 0 0 1 1 0 0 0 1 1 0 0 0 0 0 0 0 0 1 0 1 1 0 0 0 1 0 1 0 0 0 0 1 0 0 642 
1 0 0 1 0 0 1 1 0 0 0 1 1 0 0 0 0 0 0 0 0 1 0 1 1 0 0 0 1 0 1 0 0 0 0 1 0 0 642 
1 0 0 1 0 0 1 1 0 0 0 1 1 0 0 0 1 0 0 0 0 1 0 1 1 0 0 0 1 0 1 0 0 0 0 1 0 0 -12 
1 0 0 1 1 0 1 1 0 0 0 1 1 0 0 0 0 0 0 0 0 1 0 1 1 0 0 0 1 0 1 0 0 0 0 1 0 0 -7 
1 0 0 1 0 0 1 1 0 0 0 1 1 0 0 0 1 0 0 0 0 1 0 1 1 0 0 0 0 0 0 0 0 0 0 1 0 0 -1 
1 0 0 1 0 0 1 1 0 0 0 1 1 1 0 0 1 0 0 0 0 1 0 1 1 0 0 0 1 0 1 0 0 0 0 1 0 0 -17 
1 0 0 1 0 0 1 1 0 1 0 0 1 0 0 0 1 0 0 0 1 1 0 1 1 0 0 0 1 0 1 0 0 0 0 1 0 0 -10 
1 0 0 1 0 0 1 1 0 0 0 1 1 0 0 0 1 0 0 0 0 1 0 1 1 0 0 0 1 0 1 0 0 0 0 1 0 0 -12 
1 0 0 1 0 0 1 1 0 0 0 1 1 0 0 0 1 0 0 0 0 1 0 1 1 0 0 0 1 0 1 0 0 0 0 1 0 0 -12 

GEN 6
FIT_MEAN 185.5
1 0 0 1 0 0 1 1 0 0 0 1 1 0 0 0 0 0 0 0 0 1 0 1 1 0 0 0 1 0 1 0 0 0 0 1 0 0 642 
1 0 0 1 0 0 1 1 0 0 0 1 1 0 0 0 0 0 0 0 0 1 0 1 1 0 0 0 1 0 1 0 0 0 0 1 0 0 642 
1 0 0 1 0 0 1 1 0 0 0 1 1 0 0 0 0 0 0 0 0 1 0 1 1 0 0 0 1 0 1 0 0 0 0 1 0 0 642 
1 0 0 1 0 0 1 1 0 0 0 1 1 0 0 0 1 0 0 0 0 1 0 1 1 0 0 0 1 0 1 0 0 0 0 1 0 0 -12 
1 0 0 1 1 0 1 1 0 0 0 1 1 0 0 0 0 0 0 0 0 1 0 1 1 0 0 0 1 0 1 0 0 0 0 1 0 0 -7 
1 0 0 1 0 0 1 1 0 0 0 1 1 0 0 0 1 0 0 0 0 1 0 1 1 0 0 0 0 0 0 0 0 0 0 1 0 0 -1 
1 0 0 1 0 0 1 1 0 0 0 1 1 1 0 0 1 0 0 0 0 1 0 1 1 0 0 0 1 0 1 0 0 0 0 1 0 0 -17 
1 0 0 1 0 0 1 1 0 1 0 0 1 0 0 0 1 0 0 0 1 1 0 1 1 0 0 0 1 0 1 0 0 0 0 1 0 0 -10 
1 0 0 1 0 0 1 1 0 0 0 1 1 0 0 0 1 0 0 0 0 1 0 1 1 0 0 0 1 0 1 0 0 0 0 1 0 0 -12 
1 0 0 1 0 0 1 1 0 0 0 1 1 0 0 0 1 0 0 0 0 1 0 1 1 0 0 0 1 0 1 0 0 0 0 1 0 0 -12 

GEN 7
FIT_MEAN 183.9
1 0 0 1 0 0 1 1 0 0 0 1 1 0 0 0 0 0 0 0 0 1 0 1 1 0 0 0 1 0 1 0 0 0 0 1 0 0 642 
1 0 0 1 0 0 1 1 0 0 0 1 1 0 0 0 0 0 0 0 0 1 0 1 1 0 0 0 1 0 1 0 0 0 0 1 0 0 642 
1 0 0 1 0 0 1 1 0 0 0 1 1 0 0 0 0 0 0 0 0 1 0 1 1 0 0 0 1 0 1 0 0 0 0 1 0 0 642 
1 0 0 1 1 0 1 1 0 0 0 1 1 0 0 0 1 0 0 0 0 1 0 1 1 0 0 0 1 0 1 0 0 0 0 1 0 0 -23 
1 0 0 1 1 0 1 1 0 0 0 1 1 0 0 0 0 0 0 0 0 1 0 1 1 0 0 0 1 0 1 0 0 0 0 1 0 0 -7 
1 0 0 1 0 0 1 1 0 0 0 1 1 0 0 0 1 0 0 0 0 1 0 1 1 0 0 0 0 0 0 0 0 0 0 1 0 0 -1 
1 0 0 1 0 0 1 1 0 0 0 1 1 1 0 0 1 0 0 0 0 1 0 1 1 0 0 0 1 0 1 0 0 0 0 1 0 0 -17 
1 0 0 1 0 0 1 1 0 1 0 0 1 0 0 0 1 0 0 0 1 1 0 1 1 0 0 0 1 0 1 0 0 0 0 1 0 0 -10 
1 0 0 1 0 0 1 1 0 0 0 1 1 0 0 0 1 0 0 0 0 1 0 1 1 0 0 0 1 0 1 0 0 0 0 1 0 0 -12 
1 0 0 1 0 0 1 1 0 0 0 1 1 0 0 0 1 1 0 0 0 1 0 1 1 0 0 0 1 0 1 0 0 0 0 1 0 0 -17 

GEN 8
FIT_MEAN 183.8
1 0 0 1 0 0 1 1 0 0 0 1 1 0 0 0 0 0 0 0 0 1 0 1 1 0 0 0 1 0 1 0 0 0 0 1 0 0 642 
1 0 0 1 0 0 1 1 0 0 0 1 1 0 0 0 0 0 0 0 0 1 0 1 1 0 0 0 1 0 1 0 0 0 0 1 0 0 642 
1 0 0 1 0 0 1 1 0 0 0 1 1 0 0 0 0 0 0 0 0 1 0 1 1 0 0 0 1 0 1 0 0 0 0 1 0 0 642 
1 0 0 1 1 0 1 1 0 0 0 1 1 0 0 0 1 0 0 0 0 1 0 1 1 0 0 0 1 0 1 0 0 0 0 1 0 0 -23 
1 0 0 1 1 0 1 1 0 0 0 1 1 0 0 0 0 0 0 0 0 0 0 1 1 0 0 0 1 0 1 0 0 0 0 1 0 0 -4 
1 0 0 1 0 0 1 1 0 0 0 1 1 0 0 0 1 0 0 0 0 1 0 1 1 0 0 0 0 0 0 0 0 0 0 1 0 0 -1 
1 0 0 1 0 0 1 1 0 0 0 1 1 1 0 0 1 0 0 0 0 1 0 1 1 0 0 0 1 0 1 0 0 0 0 1 0 0 -17 
1 0 0 1 0 0 1 1 0 1 0 0 1 0 0 0 1 0 0 1 1 1 0 1 1 0 0 0 1 0 1 0 0 0 0 1 0 0 -11 
1 0 0 1 0 0 1 1 0 0 0 1 1 0 0 0 1 0 0 0 0 1 0 1 1 0 0 0 1 0 1 0 0 0 0 1 0 0 -12 
1 0 0 1 0 0 1 1 0 1 0 1 1 0 0 0 1 1 0 0 0 1 0 1 1 0 0 0 1 0 1 0 0 0 0 1 0 0 -20 

GEN 9
FIT_MEAN 184.9
1 0 0 1 0 0 1 1 0 0 0 1 1 0 0 0 0 0 0 0 0 1 0 1 1 0 0 0 1 0 1 0 0 0 0 1 0 0 642 
1 0 0 1 0 0 1 1 0 0 0 1 1 0 0 0 0 0 0 0 0 1 0 1 1 0 0 0 1 0 1 0 0 0 0 1 0 0 642 
1 0 0 1 0 0 1 1 0 0 0 1 1 0 0 0 0 0 0 0 0 1 0 1 1 0 0 0 1 0 1 0 0 0 0 1 0 0 642 
1 0 0 1 1 0 1 1 0 0 0 1 1 0 0 0 1 0 0 0 0 1 0 1 1 0 0 0 1 0 1 0 0 0 0 1 0 0 -23 
1 0 0 1 1 0 1 1 0 0 0 1 1 0 0 0 0 0 0 0 0 0 0 1 1 0 0 0 1 0 1 0 0 0 0 1 0 0 -4 
1 0 0 1 0 0 1 1 0 0 0 1 1 0 0 0 1 0 0 0 0 1 0 1 1 0 0 0 0 0 0 0 0 0 0 1 0 0 -1 
1 0 0 1 0 0 1 1 0 0 0 1 1 1 0 0 1 0 0 0 0 1 0 1 1 0 0 0 1 0 1 0 0 0 0 1 0 0 -17 
1 0 0 1 0 0 1 1 0 1 0 0 1 0 0 0 1 0 0 1 1 1 0 1 1 0 0 0 1 0 1 0 0 0 0 1 0 0 -11 
1 0 0 1 0 0 1 1 0 0 0 1 1 0 0 0 1 0 0 1 0 1 0 1 1 0 0 0 1 0 1 0 0 0 0 1 0 0 -13 
1 0 0 1 0 0 1 1 0 1 0 0 1 0 0 0 1 1 0 0 0 1 0 1 1 0 0 0 1 0 1 0 0 0 0 1 0 0 -8 

GEN 10
FIT_MEAN 184.4
1 0 0 1 0 0 1 1 0 0 0 1 1 0 0 0 0 0 0 0 0 1 0 1 1 0 0 0 1 0 1 0 0 0 0 1 0 0 642 
1 0 0 1 0 0 1 1 0 0 0 1 1 0 0 0 0 0 0 0 0 1 0 1 1 0 0 0 1 0 1 0 0 0 0 1 0 0 642 
1 0 0 1 0 0 1 1 0 0 0 1 1 0 0 0 0 0 0 0 0 1 0 1 1 0 0 0 1 0 1 0 0 0 0 1 0 0 642 
1 0 0 1 1 0 1 1 0 0 0 1 1 0 0 0 1 0 0 0 0 1 0 1 1 0 0 0 1 0 1 0 0 0 0 1 0 0 -23 
1 0 0 1 1 0 1 1 0 0 0 1 1 0 0 0 0 0 0 0 0 0 0 1 1 0 0 0 1 0 1 0 0 0 0 1 0 0 -4 
1 0 0 1 0 0 1 1 0 0 0 1 1 0 0 0 1 0 0 0 0 1 0 1 1 0 0 0 0 0 0 0 0 0 0 1 0 0 -1 
1 0 0 1 0 0 1 1 0 0 0 1 1 1 0 0 1 0 0 0 1 1 0 1 1 0 0 0 1 0 1 0 0 0 0 1 0 0 -24 
1 0 0 1 0 0 1 1 0 1 0 0 1 0 0 0 1 0 0 1 1 1 1 1 1 0 0 0 1 0 1 0 0 0 0 1 0 0 -14 
1 0 0 1 0 0 1 1 0 0 0 1 1 0 0 0 1 0 0 1 0 1 0 1 1 0 0 0 1 0 1 0 0 0 0 1 0 0 -13 
1 0 0 1 0 0 1 1 0 1 0 0 1 0 0 0 1 0 0 0 0 1 0 1 1 0 0 0 1 0 1 0 0 0 0 1 0 0 -3 

GEN 11
FIT_MEAN 183.1
1 0 0 1 0 0 1 1 0 0 0 1 1 0 0 0 0 0 0 0 0 1 0 1 1 0 0 0 1 0 1 0 0 0 0 1 0 0 642 
1 0 0 1 0 0 1 1 0 0 0 1 1 0 0 0 0 0 0 0 0 1 0 1 1 0 0 0 1 0 1 0 0 0 0 1 0 0 642 
1 0 0 1 0 0 1 1 0 0 0 1 1 0 0 0 0 0 0 0 0 1 0 1 1 0 0 0 1 0 1 0 0 0 0 1 0 0 642 
1 0 0 1 1 0 1 1 0 0 0 1 1 0 0 1 1 0 0 0 0 1 0 1 1 0 0 0 1 0 1 0 0 0 0 1 0 0 -34 
1 0 0 1 1 0 1 1 0 0 0 1 1 0 0 0 0 0 0 0 0 0 0 1 1 0 0 0 1 0 1 0 0 0 0 1 0 0 -4 
1 0 0 1 0 0 1 1 0 0 0 1 1 0 0 0 1 0 0 1 0 1 0 1 1 0 0 0 0 0 0 0 0 0 0 1 0 0 -2 
1 0 0 1 0 0 1 1 0 0 0 1 1 1 0 0 1 0 0 0 1 1 0 1 1 0 0 0 1 0 1 0 0 0 0 1 0 0 -24 
1 0 1 1 0 0 1 1 0 1 0 0 1 0 0 0 1 0 0 1 1 1 1 1 1 0 0 0 1 0 1 0 0 0 0 1 0 0 -15 
1 0 0 1 0 0 1 1 0 0 0 1 1 0 0 0 1 0 0 1 0 1 0 1 1 0 0 0 1 0 1 0 0 0 0 1 0 0 -13 
1 0 0 1 0 0 1 1 0 1 0 0 1 0 0 0 1 0 0 0 0 1 0 1 1 0 0 0 1 0 1 0 0 0 0 1 0 0 -3 

GEN 12
FIT_MEAN 181.9
1 0 0 1 0 0 1 1 0 0 0 1 1 0 0 0 0 0 0 0 0 1 0 1 1 0 0 0 1 0 1 0 0 0 0 1 0 0 642 
1 0 0 1 0 0 1 1 0 0 0 1 1 0 0 0 0 0 0 0 0 1 0 1 1 0 0 0 1 0 1 0 0 0 0 1 0 0 642 
1 0 0 1 0 0 1 1 0 0 0 1 1 0 0 0 0 0 0 0 0 1 0 1 1 0 0 0 1 0 1 0 0 0 0 1 0 0 642 
1 0 0 1 1 1 1 1 0 0 0 1 1 0 0 1 1 0 0 0 0 1 0 1 1 0 0 0 1 0 1 0 0 0 0 1 0 0 -46 
1 0 0 1 1 0 1 1 0 0 0 1 1 0 0 0 0 0 0 0 0 0 0 1 1 0 0 0 1 0 1 0 0 0 0 1 0 0 -4 
1 0 0 1 0 0 1 1 0 0 0 1 1 0 0 0 1 0 0 1 0 1 0 1 1 0 0 0 0 0 0 0 0 0 0 1 0 0 -2 
1 0 0 1 0 0 1 1 0 0 0 1 1 1 0 0 1 0 0 0 1 1 0 1 1 0 0 0 1 0 1 0 0 0 0 1 0 0 -24 
1 0 1 1 0 0 1 1 0 1 0 0 1 0 0 0 1 0 0 1 1 1 1 1 1 0 0 0 1 0 1 0 0 0 0 1 0 0 -15 
1 0 0 1 0 0 1 1 0 0 0 1 1 0 0 0 1 0 0 1 0 1 0 1 1 0 0 0 1 0 1 0 0 0 0 1 0 0 -13 
1 0 0 1 0 0 1 1 0 1 0 0 1 0 0 0 1 0 0 0 0 1 0 1 1 0 0 0 1 0 1 0 0 0 0 1 0 0 -3 

GEN 13
FIT_MEAN 180.4
1 0 0 1 0 0 1 1 0 0 0 1 1 0 0 0 0 0 0 0 0 1 0 1 1 0 0 0 1 0 1 0 0 0 0 1 0 0 642 
1 0 0 1 0 0 1 1 0 0 0 1 1 0 0 0 0 0 0 0 0 1 0 1 1 0 0 0 1 0 1 0 0 0 0 1 0 0 642 
1 0 0 1 0 0 1 1 0 0 0 1 1 0 0 0 0 0 0 0 0 1 0 1 1 0 0 0 1 0 1 0 0 0 0 1 0 0 642 
1 0 0 1 1 1 1 1 0 0 0 1 1 0 0 1 1 0 0 0 0 1 0 1 1 0 0 0 1 0 1 0 0 0 0 1 0 0 -46 
1 0 0 1 1 0 1 1 0 0 0 1 1 0 0 0 0 0 0 0 0 0 0 1 1 0 0 0 1 0 1 0 0 0 0 1 0 0 -4 
1 0 0 1 0 0 1 1 0 0 0 1 1 0 0 0 1 0 0 1 0 1 0 1 1 0 0 0 0 0 0 0 0 0 0 1 0 0 -2 
1 0 0 1 0 0 1 1 0 0 1 1 1 1 0 0 1 0 0 0 1 1 0 1 1 0 0 0 1 0 1 0 0 0 0 1 0 0 -29 
1 0 1 1 0 0 1 1 0 1 0 0 1 0 0 0 1 0 0 1 1 1 1 1 1 0 0 0 1 0 1 0 0 0 0 1 0 0 -15 
1 0 0 1 0 0 1 1 0 0 0 1 1 0 0 0 1 0 0 1 0 1 0 1 1 0 0 0 1 0 1 0 0 0 0 1 1 0 -23 
1 0 0 1 0 0 1 1 0 1 0 0 1 0 0 0 1 0 0 0 0 1 0 1 1 0 0 0 1 0 1 0 0 0 0 1 0 0 -3 

GEN 14
FIT_MEAN 180.8
1 0 0 1 0 0 1 1 0 0 0 1 1 0 0 0 0 0 0 0 0 1 0 1 1 0 0 0 1 0 1 0 0 0 0 1 0 0 642 
1 0 0 1 0 0 1 1 0 0 0 1 1 0 0 0 0 0 0 0 0 1 0 1 1 0 0 0 1 0 1 0 0 0 0 1 0 0 642 
1 0 0 1 0 0 1 1 0 0 0 1 1 0 0 0 0 0 0 0 0 1 0 1 1 0 0 0 1 0 1 0 0 0 0 1 0 0 642 
1 0 0 1 1 1 1 1 0 0 0 1 1 0 0 1 1 0 0 0 0 1 0 1 1 0 0 0 1 0 1 0 0 0 0 1 0 0 -46 
1 0 0 1 1 0 1 1 0 0 0 1 1 0 0 0 0 0 0 0 0 0 0 1 1 0 0 0 1 0 1 0 0 0 0 1 0 0 -4 
1 0 0 1 0 0 1 1 0 0 0 1 1 0 0 0 1 0 0 1 0 1 0 1 1 0 0 0 0 1 0 0 0 0 0 1 0 0 -3 
1 0 0 1 0 0 1 0 0 0 1 1 1 1 0 0 1 0 0 0 1 1 0 1 1 0 0 0 1 0 1 0 0 0 0 1 0 0 -15 
1 0 1 1 0 0 1 1 0 1 0 0 1 0 0 0 1 0 0 1 1 1 1 1 1 0 1 0 1 0 1 0 0 0 0 1 0 0 -17 
1 0 0 1 0 0 1 1 0 0 0 1 1 0 0 0 1 0 0 1 1 1 0 1 1 0 0 0 1 0 1 0 0 0 0 1 1 0 -30 
1 0 0 1 0 0 1 1 0 1 0 0 1 0 0 0 1 0 0 0 0 1 0 1 1 0 0 0 1 0 1 0 0 0 0 1 0 0 -3 

GEN 15
FIT_MEAN 249.2
1 0 0 1 0 0 1 1 0 0 0 1 1 0 0 0 0 0 0 0 0 1 0 1 1 0 0 0 1 0 1 0 0 0 0 1 0 0 642 
1 0 0 1 0 0 1 1 0 0 0 1 1 0 0 0 0 0 0 0 0 1 0 1 1 0 0 0 1 0 1 0 0 0 0 1 0 0 642 
1 0 0 1 0 0 1 1 0 0 0 1 1 0 0 0 0 0 0 0 0 1 0 1 1 0 0 0 1 0 1 0 0 0 0 1 0 0 642 
1 0 0 1 1 1 1 1 0 0 0 1 1 0 0 1 1 0 0 0 0 1 0 1 1 0 0 0 1 0 1 0 0 0 0 1 0 0 -46 
1 0 0 1 1 0 1 1 0 0 0 1 1 0 0 0 0 0 0 0 0 0 0 1 1 0 0 0 1 0 1 0 0 0 0 1 0 0 -4 
1 0 0 1 0 0 1 1 0 0 0 1 1 0 0 0 1 0 0 1 1 1 0 1 1 0 0 0 0 1 0 0 0 0 0 1 0 0 -10 
0 0 0 1 0 0 1 0 0 0 1 1 1 1 0 0 1 0 0 0 1 1 0 1 1 0 0 0 1 0 1 0 0 0 0 1 0 0 676 
1 0 1 1 0 0 1 1 0 1 0 0 1 0 0 0 1 0 0 1 1 1 1 1 1 0 1 0 1 0 1 0 0 0 0 1 0 0 -17 
1 0 0 1 0 0 1 1 0 0 0 1 1 0 0 0 1 0 0 1 1 1 0 1 1 0 0 0 1 0 1 0 0 0 0 1 1 0 -30 
1 0 0 1 0 0 1 1 0 1 0 0 1 0 0 0 1 0 0 0 0 1 0 1 1 0 0 0 1 0 1 0 0 0 0 1 0 0 -3 

GEN 16
FIT_MEAN 249.7
0 0 0 1 0 0 1 0 0 0 1 1 1 1 0 0 1 0 0 0 1 1 0 1 1 0 0 0 1 0 1 0 0 0 0 1 0 0 676 
1 0 0 1 0 0 1 1 0 0 0 1 1 0 0 0 0 0 0 0 0 1 0 1 1 0 0 0 1 0 1 0 0 0 0 1 0 0 642 
1 0 0 1 0 0 1 1 0 0 0 1 1 0 0 0 0 0 0 0 0 1 0 1 1 0 0 0 1 0 1 0 0 0 0 1 0 0 642 
1 0 0 1 1 1 1 1 0 1 0 1 1 0 0 1 1 0 0 0 0 1 0 1 1 0 0 0 1 0 1 0 0 0 0 1 0 0 -49 
1 0 0 1 1 0 1 1 0 0 0 1 1 0 0 0 0 0 0 0 0 0 0 1 1 0 0 0 1 0 1 0 0 0 0 1 0 0 -4 
1 0 0 1 0 0 1 1 0 0 0 1 1 0 0 0 1 0 0 1 1 1 0 1 1 0 0 0 0 1 0 0 0 1 0 1 0 0 -19 
0 0 0 1 0 0 1 0 0 0 1 1 1 1 0 0 1 0 0 0 1 1 0 1 1 0 0 0 1 0 1 0 0 0 0 1 0 0 676 
1 0 1 1 0 0 1 1 0 1 0 0 1 0 0 0 1 0 0 1 1 1 1 1 1 0 1 0 1 0 1 0 0 1 0 1 0 0 -26 
1 0 0 1 0 0 1 1 0 0 0 1 1 0 0 0 1 0 0 1 1 1 0 1 1 0 0 0 1 0 1 0 0 0 0 1 1 0 -30 
1 0 0 1 0 0 1 1 0 1 0 0 1 0 0 0 1 0 0 0 0 1 0 1 1 0 0 0 1 0 1 1 0 0 0 1 0 0 -11 

GEN 17
FIT_MEAN 243.2
0 0 0 1 0 0 1 0 0 0 1 1 1 1 0 0 1 0 0 0 1 1 0 1 1 0 0 0 1 0 1 0 0 0 0 1 0 0 676 
0 0 0 1 0 0 1 0 0 0 1 1 1 1 0 0 1 0 0 0 1 1 0 1 1 0 0 0 1 0 1 0 0 0 0 1 0 0 676 
1 0 0 1 0 0 1 1 0 0 0 1 1 0 0 0 0 0 0 0 0 1 0 1 1 0 0 0 1 0 1 0 0 0 0 1 0 0 642 
1 0 0 1 1 1 1 1 0 1 0 1 1 0 0 1 1 0 0 0 0 1 0 1 1 0 0 0 1 0 1 0 0 0 0 1 0 0 -49 
1 0 0 1 1 0 1 1 0 0 0 1 1 0 0 0 0 0 0 0 0 0 0 1 1 0 0 0 1 0 1 0 0 0 0 1 0 0 -4 
1 0 0 1 0 0 1 1 0 0 0 1 1 0 0 0 1 0 0 1 1 1 0 1 1 0 0 0 0 1 0 0 0 1 0 1 0 0 -19 
0 0 0 1 0 0 1 0 0 0 1 1 0 1 0 0 1 0 0 0 1 1 0 1 1 0 0 0 1 0 1 0 0 0 0 1 0 0 586 
1 0 1 1 0 0 1 1 0 1 0 0 1 0 0 0 1 0 0 1 1 1 1 1 1 0 1 0 1 0 1 0 0 1 0 1 0 0 -26 
1 0 0 1 0 0 1 1 0 0 0 1 1 0 0 0 1 0 0 1 1 1 0 1 1 0 0 0 1 0 1 0 0 1 0 1 1 0 -39 
1 0 0 1 0 0 1 1 0 1 0 0 1 0 0 0 1 0 0 0 0 1 0 1 1 0 0 0 1 0 1 1 0 0 0 1 0 0 -11 

GEN 18
FIT_MEAN 238
0 0 0 1 0 0 1 0 0 0 1 1 1 1 0 0 1 0 0 0 1 1 0 1 1 0 0 0 1 0 1 0 0 0 0 1 0 0 676 
0 0 0 1 0 0 1 0 0 0 1 1 1 1 0 0 1 0 0 0 1 1 0 1 1 0 0 0 1 0 1 0 0 0 0 1 0 0 676 
1 0 0 1 0 0 1 1 0 0 0 1 1 0 0 0 0 0 0 0 0 1 0 1 1 0 0 0 1 0 1 0 0 0 0 1 0 0 642 
1 0 0 1 1 1 1 1 0 1 0 1 1 0 0 1 1 0 0 0 0 1 0 1 1 0 0 0 1 0 1 0 0 0 0 1 0 0 -49 
1 0 0 1 1 0 1 1 0 0 0 1 1 0 0 0 0 0 0 0 0 0 0 1 1 0 0 0 1 0 1 0 0 0 0 1 0 0 -4 
1 0 0 1 0 0 1 1 0 0 0 1 1 0 0 0 1 0 0 1 1 1 0 1 1 0 0 0 0 1 0 0 0 1 0 1 0 0 -19 
0 0 0 1 0 0 1 0 0 0 1 1 0 1 0 0 1 0 0 0 1 1 0 1 0 0 0 0 1 0 1 0 0 0 0 1 0 0 534 
1 0 1 1 0 0 1 1 0 1 0 0 1 0 0 0 1 0 0 1 1 1 1 1 1 0 1 0 1 0 1 0 0 1 0 1 0 0 -26 
1 0 0 1 0 0 1 1 0 0 0 1 1 0 0 0 1 0 0 1 1 1 0 1 1 0 0 0 1 0 1 0 0 1 0 1 1 0 -39 
1 0 0 1 0 0 1 1 0 1 0 0 1 0 0 0 1 0 0 0 0 1 0 1 1 0 0 0 1 0 1 1 0 0 0 1 0 0 -11 

GEN 19
FIT_MEAN 237.7
0 0 0 1 0 0 1 0 0 0 1 1 1 1 0 0 1 0 0 0 1 1 0 1 1 0 0 0 1 0 1 0 0 0 0 1 0 0 676 
0 0 0 1 0 0 1 0 0 0 1 1 1 1 0 0 1 0 0 0 1 1 0 1 1 0 0 0 1 0 1 0 0 0 0 1 0 0 676 
1 0 0 1 0 0 1 1 0 0 0 1 1 0 0 0 0 0 0 0 0 1 0 1 1 0 0 0 1 0 1 0 0 0 0 1 0 0 642 
1 0 0 1 1 1 1 1 0 1 0 1 1 0 0 1 1 0 0 0 0 1 0 1 1 0 0 0 1 0 1 0 0 0 0 1 0 0 -49 
1 0 0 1 1 0 1 1 0 0 0 1 1 0 0 0 0 0 0 0 0 0 0 1 1 0 0 0 1 0 1 0 0 0 0 1 0 0 -4 
1 0 0 1 0 0 1 1 0 0 0 1 1 0 0 0 1 0 0 1 1 1 0 1 1 0 0 0 0 1 0 0 0 1 0 1 0 0 -19 
0 0 0 1 0 0 1 0 0 0 1 1 0 1 0 0 1 0 0 0 1 1 0 1 0 0 0 0 1 0 1 0 0 0 0 1 0 0 534 
1 0 1 1 0 0 1 1 0 1 0 0 1 0 0 0 1 0 0 1 1 1 1 1 1 0 1 0 1 0 1 0 0 1 0 1 0 0 -26 
1 0 0 1 0 0 1 1 0 0 0 1 1 0 0 0 1 0 0 1 1 1 1 1 1 0 0 0 1 0 1 0 0 1 0 1 1 0 -42 
1 0 0 1 0 0 1 1 0 1 0 0 1 0 0 0 1 0 0 0 0 1 0 1 1 0 0 0 1 0 1 1 0 0 0 1 0 0 -11 

GEN 20
FIT_MEAN 183.6
0 0 0 1 0 0 1 0 0 0 1 1 1 1 0 0 1 0 0 0 1 1 0 1 1 0 0 0 1 0 1 0 0 0 0 1 0 0 676 
0 0 0 1 0 0 1 0 0 0 1 1 1 1 0 0 1 0 0 0 1 1 0 1 1 0 0 0 1 0 1 0 0 0 0 1 0 0 676 
1 0 0 1 0 0 1 1 0 0 0 1 1 0 0 0 0 0 0 0 0 1 0 1 1 0 0 0 1 0 1 0 0 0 0 1 0 0 642 
1 0 0 1 1 1 1 1 0 1 0 1 1 0 0 1 1 0 0 0 0 1 0 1 1 0 0 0 1 0 1 0 0 0 0 1 0 0 -49 
1 0 0 1 1 0 1 1 0 0 0 1 1 0 0 0 0 0 0 0 0 0 0 1 1 0 0 0 1 0 1 0 0 0 0 1 0 0 -4 
1 0 0 1 0 0 1 1 0 0 0 1 1 0 0 0 1 0 0 1 1 1 0 1 1 0 0 0 1 1 0 0 0 1 0 1 0 0 -24 
0 0 0 1 0 0 1 0 0 0 1 1 0 1 0 0 1 0 0 0 1 1 0 1 0 0 0 1 1 0 1 0 0 0 0 1 0 0 -1 
1 0 1 1 0 0 1 1 0 1 0 0 1 0 0 0 1 0 0 1 1 1 1 1 1 0 1 0 1 0 1 0 0 1 0 1 0 0 -26 
1 0 0 1 0 0 1 1 0 0 0 1 1 0 0 0 1 0 0 1 1 1 1 1 1 0 0 0 1 0 1 0 0 1 0 1 1 0 -42 
1 0 0 1 0 0 1 1 0 1 0 0 1 0 0 0 1 0 0 1 0 1 0 1 1 0 0 0 1 0 1 1 0 0 0 1 0 0 -12 

GEN 21
FIT_MEAN 245
0 0 0 1 0 0 1 0 0 0 1 1 1 1 0 0 1 0 0 0 1 1 0 1 1 0 0 0 1 0 1 0 0 0 0 1 0 0 676 
0 0 0 1 0 0 1 0 0 0 1 1 1 1 0 0 1 0 0 0 1 1 0 1 1 0 0 0 1 0 1 0 0 0 0 1 0 0 676 
1 0 0 1 0 0 1 1 0 0 0 1 1 0 0 0 0 0 0 0 0 1 0 1 1 0 0 0 1 0 1 0 0 0 0 1 0 0 642 
1 0 0 1 1 1 1 1 0 1 0 1 1 0 0 1 1 0 0 0 0 1 0 1 1 0 0 0 1 0 1 0 0 0 0 1 0 0 -49 
1 0 0 1 1 0 1 1 0 0 0 1 1 0 0 0 0 0 0 0 0 0 0 1 1 0 0 0 0 0 1 0 0 0 0 1 0 0 606 
0 0 0 1 0 0 1 1 0 0 0 1 1 0 0 0 1 0 0 1 1 1 0 1 1 0 0 0 1 1 0 0 0 1 0 1 0 0 -9 
0 0 0 1 0 0 1 0 0 0 1 1 0 1 0 0 1 0 0 0 1 1 0 1 0 0 0 1 1 0 1 0 0 0 0 1 0 0 -1 
1 0 1 1 0 0 1 1 0 1 0 0 1 0 0 0 1 0 0 1 1 1 1 1 1 0 1 1 1 0 1 0 0 1 0 1 0 0 -37 
1 0 0 1 0 0 1 1 0 0 0 1 1 0 0 0 1 0 0 1 1 1 1 1 1 0 0 0 1 0 1 0 0 1 0 1 1 0 -42 
1 0 0 1 0 0 1 1 0 1 0 0 1 0 0 0 1 0 0 1 0 1 0 1 1 0 0 0 1 0 1 1 0 0 0 1 0 0 -12 

GEN 22
FIT_MEAN 317
0 0 0 1 0 0 1 0 0 0 1 1 1 1 0 0 1 0 0 0 1 1 0 1 1 0 0 0 1 0 1 0 0 0 0 1 0 0 676 
0 0 0 1 0 0 1 0 0 0 1 1 1 1 0 0 1 0 0 0 1 1 0 1 1 0 0 0 1 0 1 0 0 0 0 1 0 0 676 
1 0 0 1 0 0 1 1 0 0 0 1 1 0 0 0 0 0 0 0 0 1 0 1 1 0 0 0 1 0 1 0 0 0 0 1 0 0 642 
1 0 0 1 1 1 1 1 0 1 0 1 1 0 0 1 1 0 0 0 0 1 0 1 1 0 0 0 1 0 1 0 0 0 0 1 0 0 -49 
1 0 0 1 1 0 1 1 0 0 0 1 1 0 0 0 0 0 0 0 0 0 0 1 1 0 0 0 0 0 1 0 0 0 0 1 0 0 606 
0 0 0 1 0 0 1 1 0 0 0 1 1 0 0 0 0 0 0 1 1 1 0 1 1 0 0 0 1 1 0 0 0 1 0 1 0 0 725 
0 0 0 1 0 0 1 0 0 0 1 1 1 1 0 0 1 0 0 0 1 1 0 1 0 0 0 1 1 0 1 0 0 0 0 1 0 0 -4 
1 0 1 1 0 0 1 1 0 1 0 0 1 0 0 0 1 0 0 1 1 1 1 1 1 0 1 1 1 0 1 0 0 1 0 1 0 0 -37 
1 0 0 1 0 0 1 1 0 0 0 1 1 0 0 0 1 0 0 1 1 1 1 1 1 0 0 1 1 0 1 0 0 1 0 1 1 0 -53 
1 0 0 1 0 0 1 1 0 1 0 0 1 0 0 0 1 0 0 1 0 1 0 1 1 0 0 0 1 0 1 1 0 0 0 1 0 0 -12 

GEN 23
FIT_MEAN 325.2
0 0 0 1 0 0 1 1 0 0 0 1 1 0 0 0 0 0 0 1 1 1 0 1 1 0 0 0 1 1 0 0 0 1 0 1 0 0 725 
0 0 0 1 0 0 1 0 0 0 1 1 1 1 0 0 1 0 0 0 1 1 0 1 1 0 0 0 1 0 1 0 0 0 0 1 0 0 676 
0 0 0 1 0 0 1 0 0 0 1 1 1 1 0 0 1 0 0 0 1 1 0 1 1 0 0 0 1 0 1 0 0 0 0 1 0 0 676 
1 0 0 1 1 1 1 1 0 1 0 1 1 0 0 0 1 0 0 0 0 1 0 1 1 0 0 0 1 0 1 0 0 0 0 1 0 0 -38 
1 0 0 1 1 0 1 1 0 0 0 1 1 0 0 0 0 0 0 0 0 0 0 1 1 0 0 0 0 0 1 0 0 0 0 1 0 0 606 
0 0 0 1 0 0 1 1 0 0 0 1 1 0 0 0 0 0 0 1 1 1 0 1 1 0 0 0 1 1 0 0 0 1 0 1 0 0 725 
0 0 0 1 0 0 1 0 0 0 1 1 1 1 0 0 1 0 0 0 1 1 0 1 0 0 0 1 1 0 1 0 0 0 0 1 0 0 -4 
1 0 1 1 0 0 1 1 0 1 0 1 1 0 0 0 1 0 0 1 1 1 1 1 1 0 1 1 1 0 1 0 0 1 0 1 0 0 -49 
1 0 0 1 0 0 1 1 0 0 0 1 1 0 0 0 1 0 0 1 1 1 1 1 1 0 0 1 1 0 1 0 0 1 0 1 1 0 -53 
1 0 0 1 0 0 1 1 0 1 0 0 1 0 0 0 1 0 0 1 0 1 0 1 1 0 0 0 1 0 1 1 0 0 0 1 0 0 -12 

GEN 24
FIT_MEAN 322.2
0 0 0 1 0 0 1 1 0 0 0 1 1 0 0 0 0 0 0 1 1 1 0 1 1 0 0 0 1 1 0 0 0 1 0 1 0 0 725 
0 0 0 1 0 0 1 1 0 0 0 1 1 0 0 0 0 0 0 1 1 1 0 1 1 0 0 0 1 1 0 0 0 1 0 1 0 0 725 
0 0 0 1 0 0 1 0 0 0 1 1 1 1 0 0 1 0 0 0 1 1 0 1 1 0 0 0 1 0 1 0 0 0 0 1 0 0 676 
1 0 0 1 1 1 1 1 0 1 0 1 1 0 0 0 1 0 0 0 0 1 0 1 1 0 0 0 1 0 1 0 0 0 0 1 0 0 -38 
1 0 0 1 1 0 1 1 0 0 0 1 1 0 0 0 0 0 0 0 0 0 0 1 1 0 0 0 0 0 1 0 0 0 0 1 0 0 606 
0 0 0 1 0 0 1 1 0 0 0 1 0 0 0 0 0 0 0 1 1 1 0 1 1 0 0 0 1 1 0 0 0 1 0 1 0 0 635 
0 0 0 1 0 0 1 0 0 0 1 1 1 1 0 0 1 0 0 0 1 1 0 1 0 0 0 1 1 0 1 0 0 0 0 1 0 0 -4 
1 0 1 1 0 0 1 1 0 1 0 1 1 0 0 0 1 0 0 1 1 1 1 1 1 0 1 1 1 0 0 0 0 1 0 1 0 0 -43 
1 0 0 1 0 0 1 1 0 0 0 1 1 0 0 0 1 0 0 1 1 1 1 1 1 0 0 1 0 0 1 0 0 1 0 1 1 0 -48 
1 0 0 1 0 0 1 1 0 1 0 0 1 0 0 0 1 0 0 1 0 1 0 1 1 0 0 0 1 0 1 1 0 0 0 1 0 0 -12 

GEN 25
FIT_MEAN 321.2
0 0 0 1 0 0 1 1 0 0 0 1 1 0 0 0 0 0 0 1 1 1 0 1 1 0 0 0 1 1 0 0 0 1 0 1 0 0 725 
0 0 0 1 0 0 1 1 0 0 0 1 1 0 0 0 0 0 0 1 1 1 0 1 1 0 0 0 1 1 0 0 0 1 0 1 0 0 725 
0 0 0 1 0 0 1 0 0 0 1 1 1 1 0 0 1 0 0 0 1 1 0 1 1 0 0 0 1 0 1 0 0 0 0 1 0 0 676 
1 0 0 1 1 1 1 1 0 1 0 1 1 0 0 0 1 0 0 0 0 1 0 1 1 0 0 0 1 0 1 0 0 0 0 1 1 0 -48 
1 0 0 1 1 0 1 1 0 0 0 1 1 0 0 0 0 0 0 0 0 0 0 1 1 0 0 0 0 0 1 0 0 0 0 1 0 0 606 
0 0 0 1 0 0 1 1 0 0 0 1 0 0 0 0 0 0 0 1 1 1 0 1 1 0 0 0 1 1 0 0 0 1 0 1 0 0 635 
0 0 0 1 0 0 1 0 0 0 1 1 1 1 0 0 1 0 0 0 1 1 0 1 0 0 0 1 1 0 1 0 0 0 0 1 0 0 -4 
1 0 1 1 0 0 1 1 0 1 0 1 1 0 0 0 1 0 0 1 1 1 1 1 1 0 1 1 1 0 0 0 0 1 0 1 0 0 -43 
1 0 0 1 0 0 1 1 0 0 0 1 1 0 0 0 1 0 0 1 1 1 1 1 1 0 0 1 0 0 1 0 0 1 0 1 1 0 -48 
1 0 0 1 0 0 1 1 0 1 0 0 1 0 0 0 1 0 0 1 0 1 0 1 1 0 0 0 1 0 1 1 0 0 0 1 0 0 -12 

GEN 26
FIT_MEAN 319.6
0 0 0 1 0 0 1 1 0 0 0 1 1 0 0 0 0 0 0 1 1 1 0 1 1 0 0 0 1 1 0 0 0 1 0 1 0 0 725 
0 0 0 1 0 0 1 1 0 0 0 1 1 0 0 0 0 0 0 1 1 1 0 1 1 0 0 0 1 1 0 0 0 1 0 1 0 0 725 
0 0 0 1 0 0 1 0 0 0 1 1 1 1 0 0 1 0 0 0 1 1 0 1 1 0 0 0 1 0 1 0 0 0 0 1 0 0 676 
1 0 0 1 1 1 1 1 0 1 0 1 1 0 0 0 1 0 0 0 0 1 0 1 1 0 0 0 1 0 1 0 0 0 0 1 1 0 -48 
1 0 0 1 1 0 1 1 0 0 0 1 1 0 0 0 0 0 0 0 0 0 0 1 1 0 0 0 0 0 1 0 0 0 0 1 0 0 606 
0 0 0 1 0 0 1 1 0 0 0 1 0 0 0 0 0 0 0 1 1 1 0 1 1 0 0 0 1 1 0 0 0 1 0 1 0 0 635 
0 0 0 1 0 0 1 0 0 0 1 1 1 1 0 0 1 1 0 0 1 1 0 1 0 0 0 1 1 0 1 0 0 0 0 1 0 0 -9 
1 0 1 1 0 0 1 1 0 1 0 1 1 0 0 0 1 0 0 1 1 1 1 1 1 0 1 1 1 0 0 0 0 1 0 1 0 0 -43 
1 0 0 1 0 0 1 1 0 0 0 1 1 0 0 1 1 0 0 1 1 1 1 1 1 0 0 1 0 0 1 0 0 1 0 1 1 0 -59 
1 0 0 1 0 0 1 1 0 1 0 0 1 0 0 0 1 0 0 1 0 1 0 1 1 0 0 0 1 0 1 1 0 0 0 1 0 0 -12 

GEN 27
FIT_MEAN 257.1
0 0 0 1 0 0 1 1 0 0 0 1 1 0 0 0 0 0 0 1 1 1 0 1 1 0 0 0 1 1 0 0 0 1 0 1 0 0 725 
0 0 0 1 0 0 1 1 0 0 0 1 1 0 0 0 0 0 0 1 1 1 0 1 1 0 0 0 1 1 0 0 0 1 0 1 0 0 725 
0 0 0 1 0 0 1 0 0 0 1 1 1 1 0 0 1 0 0 0 1 1 0 1 1 0 0 0 1 0 1 0 0 0 0 1 0 0 676 
1 0 0 0 1 1 1 1 0 1 0 1 1 0 0 0 1 0 0 0 0 1 0 1 1 0 0 0 1 0 1 0 0 0 0 1 1 0 -36 
1 0 0 1 1 0 1 1 0 0 0 1 1 0 0 0 1 0 0 0 0 0 0 1 1 0 0 0 0 0 1 0 0 0 0 1 0 0 -15 
0 0 0 1 0 0 1 1 0 0 0 1 0 0 0 0 0 0 0 1 1 1 0 1 1 0 0 0 1 1 0 0 0 1 0 1 0 0 635 
0 0 0 1 0 0 1 0 0 0 1 1 1 1 0 0 1 1 0 0 1 1 0 1 0 0 0 1 1 0 1 0 0 0 0 1 0 0 -9 
1 0 1 1 0 0 1 1 0 1 0 1 1 0 0 0 1 0 0 1 1 1 1 1 1 0 1 1 1 0 0 0 0 1 0 1 0 0 -43 
1 0 0 1 0 0 1 1 1 0 0 1 1 0 0 1 1 0 0 1 1 1 1 1 1 0 0 1 0 0 1 0 0 1 0 1 1 0 -75 
1 0 0 1 0 0 1 1 0 1 0 0 1 0 0 0 1 0 0 1 0 1 0 1 1 0 0 0 1 0 1 1 0 0 0 1 0 0 -12 

GEN 28
FIT_MEAN 253.3
0 0 0 1 0 0 1 1 0 0 0 1 1 0 0 0 0 0 0 1 1 1 0 1 1 0 0 0 1 1 0 0 0 1 0 1 0 0 725 
0 0 0 1 0 0 1 1 0 0 0 1 1 0 0 0 0 0 0 1 1 1 0 1 1 0 0 0 1 1 0 0 0 1 0 1 0 0 725 
0 0 0 1 0 0 1 0 0 0 1 1 1 1 0 0 1 0 0 0 1 1 0 1 1 0 0 0 1 0 1 0 0 0 0 1 0 0 676 
1 0 0 0 1 1 1 1 0 1 0 1 1 0 0 0 1 0 0 0 0 1 0 1 1 0 0 0 1 0 1 0 0 0 0 1 1 0 -36 
1 0 0 1 1 0 1 1 0 0 0 1 1 0 0 0 1 0 0 0 0 0 0 1 1 0 0 0 0 0 1 0 0 0 0 1 0 0 -15 
0 0 0 1 0 0 0 1 0 0 0 1 0 0 0 0 0 0 0 1 1 1 0 1 1 0 0 0 1 1 0 0 0 1 0 1 0 0 597 
0 0 0 1 0 0 1 0 0 0 1 1 1 1 0 0 1 1 0 0 1 1 0 1 0 0 0 1 1 0 1 0 0 0 0 1 0 0 -9 
1 0 1 1 0 0 1 1 0 1 0 1 1 0 0 0 1 0 0 1 1 1 1 1 1 0 1 1 1 0 0 0 0 1 0 1 0 0 -43 
1 0 0 1 0 0 1 1 1 0 0 1 1 0 0 1 1 0 0 1 1 1 1 1 1 0 0 1 0 0 1 0 0 1 0 1 1 0 -75 
1 0 0 1 0 0 1 1 0 1 0 0 1 0 0 0 1 0 0 1 0 1 0 1 1 0 0 0 1 0 1 1 0 0 0 1 0 0 -12 

GEN 29
FIT_MEAN 253.3
0 0 0 1 0 0 1 1 0 0 0 1 1 0 0 0 0 0 0 1 1 1 0 1 1 0 0 0 1 1 0 0 0 1 0 1 0 0 725 
0 0 0 1 0 0 1 1 0 0 0 1 1 0 0 0 0 0 0 1 1 1 0 1 1 0 0 0 1 1 0 0 0 1 0 1 0 0 725 
0 0 0 1 0 0 1 0 0 0 1 1 1 1 0 0 1 0 0 0 1 1 0 1 1 0 0 0 1 0 1 0 0 0 0 1 0 0 676 
1 0 0 0 1 1 1 1 0 1 0 1 1 0 0 0 1 0 0 0 0 1 0 1 1 0 0 0 1 0 1 0 0 0 0 1 1 0 -36 
1 0 0 1 1 0 1 1 0 0 0 1 1 0 0 0 1 0 0 0 0 0 0 1 1 0 0 0 0 0 1 0 0 0 0 1 0 0 -15 
0 0 0 1 0 0 0 1 0 0 0 1 0 0 0 0 0 0 0 1 1 1 0 1 1 0 0 0 1 1 0 0 0 1 0 1 0 0 597 
0 0 0 1 0 0 1 0 0 0 1 1 1 1 0 0 1 1 0 0 1 1 0 1 0 0 0 1 1 0 1 0 0 0 0 1 0 0 -9 
1 0 1 1 0 0 1 1 0 1 0 1 1 0 0 0 1 0 0 1 1 1 1 1 1 0 1 1 1 0 0 0 0 1 0 1 0 0 -43 
1 0 0 1 0 0 1 1 1 0 0 1 1 0 0 1 1 0 0 1 1 1 1 1 1 0 0 1 0 0 1 0 0 1 0 1 1 0 -75 
1 0 0 1 0 0 1 1 0 1 0 0 1 0 0 0 1 0 0 1 0 1 0 1 1 0 0 0 1 0 1 1 0 0 0 1 0 0 -12 

GEN 30
FIT_MEAN 254.6
0 0 0 1 0 0 1 1 0 0 0 1 1 0 0 0 0 0 0 1 1 1 0 1 1 0 0 0 1 1 0 0 0 1 0 1 0 0 725 
0 0 0 1 0 0 1 1 0 0 0 1 1 0 0 0 0 0 0 1 1 1 0 1 1 0 0 0 1 1 0 0 0 1 0 1 0 0 725 
0 0 0 1 0 0 1 0 0 0 1 1 1 1 0 0 1 0 0 0 1 1 0 1 1 0 0 0 1 0 1 0 0 0 0 1 0 0 676 
1 0 0 0 1 1 1 1 0 1 0 1 1 0 0 0 1 0 0 0 0 1 0 1 0 0 0 0 1 0 1 0 0 0 0 1 1 0 -29 
1 0 0 1 1 0 1 1 0 0 0 1 1 0 0 0 1 0 0 0 0 0 0 1 1 0 0 0 0 0 1 0 0 0 0 1 0 0 -15 
0 0 0 1 0 0 0 1 0 0 0 1 0 0 0 0 0 0 0 1 1 1 0 1 1 0 0 0 1 1 0 0 0 1 0 1 0 0 597 
0 0 0 1 0 0 1 0 0 0 1 1 1 1 0 0 1 1 0 0 1 1 0 1 0 0 0 1 1 0 1 0 0 0 0 1 0 0 -9 
1 0 1 1 0 0 1 1 0 1 0 1 1 0 0 0 1 0 0 1 1 1 1 1 1 0 1 1 1 0 0 0 0 1 0 1 0 0 -43 
1 0 0 1 0 0 0 1 1 0 0 1 1 0 0 1 1 0 0 1 1 1 1 1 1 0 0 1 0 0 1 0 0 1 0 1 1 0 -69 
1 0 0 1 0 0 1 1 0 1 0 0 1 0 0 0 1 0 0 1 0 1 0 1 1 0 0 0 1 0 1 1 0 0 0 1 0 0 -12 

GEN 31
FIT_MEAN 254.6
0 0 0 1 0 0 1 1 0 0 0 1 1 0 0 0 0 0 0 1 1 1 0 1 1 0 0 0 1 1 0 0 0 1 0 1 0 0 725 
0 0 0 1 0 0 1 1 0 0 0 1 1 0 0 0 0 0 0 1 1 1 0 1 1 0 0 0 1 1 0 0 0 1 0 1 0 0 725 
0 0 0 1 0 0 1 0 0 0 1 1 1 1 0 0 1 0 0 0 1 1 0 1 1 0 0 0 1 0 1 0 0 0 0 1 0 0 676 
1 0 0 0 1 1 1 1 0 1 0 1 1 0 0 0 1 0 0 0 0 1 0 1 0 0 0 0 1 0 1 0 0 0 0 1 1 0 -29 
1 0 0 1 1 0 1 1 0 0 0 1 1 0 0 0 1 0 0 0 0 0 0 1 1 0 0 0 0 0 1 0 0 0 0 1 0 0 -15 
0 0 0 1 0 0 0 1 0 0 0 1 0 0 0 0 0 0 0 1 1 1 0 1 1 0 0 0 1 1 0 0 0 1 0 1 0 0 597 
0 0 0 1 0 0 1 0 0 0 1 1 1 1 0 0 1 1 0 0 1 1 0 1 0 0 0 1 1 0 1 0 0 0 0 1 0 0 -9 
1 0 1 1 0 0 1 1 0 1 0 1 1 0 0 0 1 0 0 1 1 1 1 1 1 0 1 1 1 0 0 0 0 1 0 1 0 0 -43 
1 0 0 1 0 0 0 1 1 0 0 1 1 0 0 1 1 0 0 1 1 1 1 1 1 0 0 1 0 0 1 0 0 1 0 1 1 0 -69 
1 0 0 1 0 0 1 1 0 1 0 0 1 0 0 0 1 0 0 1 0 1 0 1 1 0 0 0 1 0 1 1 0 0 0 1 0 0 -12 

GEN 32
FIT_MEAN 254.6
0 0 0 1 0 0 1 1 0 0 0 1 1 0 0 0 0 0 0 1 1 1 0 1 1 0 0 0 1 1 0 0 0 1 0 1 0 0 725 
0 0 0 1 0 0 1 1 0 0 0 1 1 0 0 0 0 0 0 1 1 1 0 1 1 0 0 0 1 1 0 0 0 1 0 1 0 0 725 
0 0 0 1 0 0 1 0 0 0 1 1 1 1 0 0 1 0 0 0 1 1 0 1 1 0 0 0 1 0 1 0 0 0 0 1 0 0 676 
1 0 0 0 1 1 1 1 0 1 0 1 1 0 0 0 1 0 0 0 0 1 0 1 0 0 0 0 1 0 1 0 0 0 0 1 1 0 -29 
1 0 0 1 1 0 1 1 0 0 0 1 1 0 0 0 1 0 0 0 0 0 0 1 1 0 0 0 0 0 1 0 0 0 0 1 0 0 -15 
0 0 0 1 0 0 0 1 0 0 0 1 0 0 0 0 0 0 0 1 1 1 0 1 1 0 0 0 1 1 0 0 0 1 0 1 0 0 597 
0 0 0 1 0 0 1 0 0 0 1 1 1 1 0 0 1 1 0 0 1 1 0 1 0 0 0 1 1 0 1 0 0 0 0 1 0 0 -9 
1 0 1 1 0 0 1 1 0 1 0 1 1 0 0 0 1 0 0 1 1 1 1 1 1 0 1 1 1 0 0 0 0 1 0 1 0 0 -43 
1 0 0 1 0 0 0 1 1 0 0 1 1 0 0 1 1 0 0 1 1 1 1 1 1 0 0 1 0 0 1 0 0 1 0 1 1 0 -69 
1 0 0 1 0 0 1 1 0 1 0 0 1 0 0 0 1 0 0 1 0 1 0 1 1 0 0 0 1 0 1 1 0 0 0 1 0 0 -12 

GEN 33
FIT_MEAN 255.1
0 0 0 1 0 0 1 1 0 0 0 1 1 0 0 0 0 0 0 1 1 1 0 1 1 0 0 0 1 1 0 0 0 1 0 1 0 0 725 
0 0 0 1 0 0 1 1 0 0 0 1 1 0 0 0 0 0 0 1 1 1 0 1 1 0 0 0 1 1 0 0 0 1 0 1 0 0 725 
0 0 0 1 0 0 1 0 0 0 1 1 1 1 0 0 1 0 0 0 1 1 0 1 1 0 0 0 1 0 1 0 0 0 0 1 0 0 676 
1 0 0 0 1 1 1 1 0 1 0 1 1 0 0 0 1 0 0 0 0 1 0 1 0 0 0 0 1 0 1 0 0 0 0 1 1 0 -29 
1 0 0 1 1 0 1 1 0 0 0 1 1 0 0 0 1 0 0 0 0 0 0 1 1 0 0 0 0 0 1 0 0 0 0 1 0 0 -15 
0 0 0 1 0 0 0 1 0 0 0 1 0 0 0 0 0 0 0 1 1 1 0 1 1 0 0 0 1 1 0 0 0 1 0 1 0 0 597 
0 0 0 1 0 0 1 0 0 0 1 1 1 1 0 0 1 0 0 0 1 1 0 1 0 0 0 1 1 0 1 0 0 0 0 1 0 0 -4 
1 0 1 1 0 0 1 1 0 1 0 1 1 0 0 0 1 0 0 1 1 1 1 1 1 0 1 1 1 0 0 0 0 1 0 1 0 0 -43 
1 0 0 1 0 0 0 1 1 0 0 1 1 0 0 1 1 0 0 1 1 1 1 1 1 0 0 1 0 0 1 0 0 1 0 1 1 0 -69 
1 0 0 1 0 0 1 1 0 1 0 0 1 0 0 0 1 0 0 1 0 1 0 1 1 0 0 0 1 0 1 1 0 0 0 1 0 0 -12 

GEN 34
FIT_MEAN 256.4
0 0 0 1 0 0 1 1 0 0 0 1 1 0 0 0 0 0 0 1 1 1 0 1 1 0 0 0 1 1 0 0 0 1 0 1 0 0 725 
0 0 0 1 0 0 1 1 0 0 0 1 1 0 0 0 0 0 0 1 1 1 0 1 1 0 0 0 1 1 0 0 0 1 0 1 0 0 725 
0 0 0 1 0 0 1 0 0 0 1 1 1 1 0 0 1 0 0 0 1 1 0 1 1 0 0 0 1 0 1 0 0 0 0 1 0 0 676 
1 0 1 0 1 1 1 1 0 1 0 1 1 0 0 0 1 0 0 0 0 1 0 1 0 0 0 0 1 0 1 0 0 0 0 1 1 0 -30 
1 0 0 1 1 0 1 0 0 0 0 1 1 0 0 0 1 0 0 0 0 0 0 1 1 0 0 0 0 0 1 0 0 0 0 1 0 0 -1 
0 0 0 1 0 0 0 1 0 0 0 1 0 0 0 0 0 0 0 1 1 1 0 1 1 0 0 0 1 1 0 0 0 1 0 1 0 0 597 
0 0 0 1 0 0 1 0 0 0 1 1 1 1 0 0 1 0 0 0 1 1 0 1 0 0 0 1 1 0 1 0 0 0 0 1 0 0 -4 
1 0 1 1 0 0 1 1 0 1 0 1 1 0 0 0 1 0 0 1 1 1 1 1 1 0 1 1 1 0 0 0 0 1 0 1 0 0 -43 
1 0 0 1 0 0 0 1 1 0 0 1 1 0 0 1 1 0 0 1 1 1 1 1 1 0 0 1 0 0 1 0 0 1 0 1 1 0 -69 
1 0 0 1 0 0 1 1 0 1 0 0 1 0 0 0 1 0 0 1 0 1 0 1 1 0 0 0 1 0 1 1 0 0 0 1 0 0 -12 

GEN 35
FIT_MEAN 259.2
0 0 0 1 0 0 1 1 0 0 0 1 1 0 0 0 0 0 0 1 1 1 0 1 1 0 0 0 1 1 0 0 0 1 0 1 0 0 725 
0 0 0 1 0 0 1 1 0 0 0 1 1 0 0 0 0 0 0 1 1 1 0 1 1 0 0 0 1 1 0 0 0 1 0 1 0 0 725 
0 0 0 1 0 0 1 0 0 0 1 1 1 1 0 0 1 0 0 0 1 1 0 1 1 0 0 0 1 0 1 0 0 0 0 1 0 0 676 
1 0 1 0 1 1 1 1 0 1 0 1 1 0 0 0 1 0 0 0 0 1 0 1 0 0 0 0 1 0 1 0 0 0 0 1 0 0 -20 
1 0 0 1 1 0 1 0 0 0 0 1 1 0 0 0 1 0 0 0 0 0 0 1 1 0 0 0 0 0 1 0 0 0 0 1 0 0 -1 
0 0 0 1 0 0 0 1 0 0 0 1 0 0 0 1 0 0 0 1 1 1 0 1 1 0 0 0 1 1 0 0 0 1 0 1 0 0 626 
0 0 0 1 0 0 1 0 0 0 1 1 1 1 0 0 1 0 0 0 1 1 0 1 0 0 0 1 1 0 1 0 0 0 0 1 0 0 -4 
1 0 1 1 0 0 1 1 0 1 0 1 1 0 0 0 1 0 0 1 1 1 1 1 1 0 1 1 1 0 0 0 0 1 0 1 0 0 -43 
1 0 0 1 0 0 0 1 1 0 0 1 1 0 0 1 1 0 0 1 1 1 1 1 1 0 0 1 0 0 1 0 0 1 0 1 1 0 -69 
1 0 0 1 0 0 1 1 0 1 0 0 1 0 0 0 1 0 0 1 0 1 0 1 1 0 0 0 1 0 1 1 0 0 0 1 0 1 -23 

GEN 36
FIT_MEAN 258.4
0 0 0 1 0 0 1 1 0 0 0 1 1 0 0 0 0 0 0 1 1 1 0 1 1 0 0 0 1 1 0 0 0 1 0 1 0 0 725 
0 0 0 1 0 0 1 1 0 0 0 1 1 0 0 0 0 0 0 1 1 1 0 1 1 0 0 0 1 1 0 0 0 1 0 1 0 0 725 
0 0 0 1 0 0 1 0 0 0 1 1 1 1 0 0 1 0 0 0 1 1 0 1 1 0 0 0 1 0 1 0 0 0 0 1 0 0 676 
1 0 1 0 1 1 1 1 0 1 0 1 1 0 0 0 1 0 0 0 0 1 0 1 0 0 0 0 1 0 1 0 0 0 0 1 0 0 -20 
1 0 0 1 1 0 1 0 0 0 0 1 1 0 0 0 1 0 0 0 0 0 0 1 1 0 0 0 0 0 1 0 0 0 0 1 0 0 -1 
0 0 0 1 0 0 0 1 0 0 0 1 0 0 0 1 0 0 0 1 1 1 0 1 1 0 0 0 1 1 0 0 0 1 0 1 0 0 626 
0 0 0 1 0 0 1 0 0 0 1 1 1 1 0 0 1 0 0 0 1 1 0 1 0 0 0 1 1 0 1 1 0 0 0 1 0 0 -12 
1 0 1 1 0 0 1 1 0 1 0 1 1 0 0 0 1 0 0 1 1 1 1 1 1 0 1 1 1 0 0 0 0 1 0 1 0 0 -43 
1 0 0 1 0 0 0 1 1 0 0 1 1 0 0 1 1 0 0 1 1 1 1 1 1 0 0 1 0 0 1 0 0 1 0 1 1 0 -69 
1 0 0 1 0 0 1 1 0 1 0 0 1 0 0 0 1 0 0 1 0 1 0 1 1 0 0 0 1 0 1 1 0 0 0 1 0 1 -23 

GEN 37
FIT_MEAN 312.6
0 0 0 1 0 0 1 1 0 0 0 1 1 0 0 0 0 0 0 1 1 1 0 1 1 0 0 0 1 1 0 0 0 1 0 1 0 0 725 
0 0 0 1 0 0 1 1 0 0 0 1 1 0 0 0 0 0 0 1 1 1 0 1 1 0 0 0 1 1 0 0 0 1 0 1 0 0 725 
0 0 0 1 0 0 1 0 0 0 1 1 1 1 0 0 1 0 0 0 1 1 0 1 1 0 0 0 1 0 1 0 0 0 0 1 0 0 676 
1 0 1 0 1 1 1 1 0 1 0 1 1 0 0 0 1 0 0 0 0 1 0 1 0 0 0 0 1 1 1 0 0 0 0 1 0 0 -21 
1 0 0 1 1 0 0 0 0 0 0 1 1 0 0 0 1 0 0 0 0 0 0 1 1 0 0 0 0 0 1 0 0 0 0 1 0 0 539 
0 0 0 1 0 0 0 1 0 0 0 1 0 0 0 1 0 0 0 1 1 1 0 1 1 0 0 0 1 1 0 0 0 1 0 1 0 0 626 
0 0 0 1 0 0 1 0 0 0 1 1 1 1 0 0 1 0 0 0 1 1 0 1 0 0 0 1 1 0 1 1 0 0 0 1 0 0 -12 
1 0 1 1 0 0 1 1 0 1 0 1 1 0 0 0 1 0 0 1 1 1 1 1 1 0 1 0 1 0 0 0 0 1 0 1 0 0 -32 
1 0 0 1 0 0 0 1 1 0 0 1 1 0 0 1 1 0 0 1 1 1 1 1 1 0 0 1 0 0 1 1 0 1 0 1 1 0 -77 
1 0 0 1 0 0 1 1 0 1 0 0 1 0 0 0 1 0 0 1 0 1 0 1 1 0 0 0 1 0 1 1 0 0 0 1 0 1 -23 

GEN 38
FIT_MEAN 312.6
0 0 0 1 0 0 1 1 0 0 0 1 1 0 0 0 0 0 0 1 1 1 0 1 1 0 0 0 1 1 0 0 0 1 0 1 0 0 725 
0 0 0 1 0 0 1 1 0 0 0 1 1 0 0 0 0 0 0 1 1 1 0 1 1 0 0 0 1 1 0 0 0 1 0 1 0 0 725 
0 0 0 1 0 0 1 0 0 0 1 1 1 1 0 0 1 0 0 0 1 1 0 1 1 0 0 0 1 0 1 0 0 0 0 1 0 0 676 
1 0 1 0 1 1 1 1 0 1 0 1 1 0 0 0 1 0 0 0 0 1 0 1 0 0 0 0 1 1 1 0 0 0 0 1 0 0 -21 
1 0 0 1 1 0 0 0 0 0 0 1 1 0 0 0 1 0 0 0 0 0 0 1 1 0 0 0 0 0 1 0 0 0 0 1 0 0 539 
0 0 0 1 0 0 0 1 0 0 0 1 0 0 0 1 0 0 0 1 1 1 0 1 1 0 0 0 1 1 0 0 0 1 0 1 0 0 626 
0 0 0 1 0 0 1 0 0 0 1 1 1 1 0 0 1 0 0 0 1 1 0 1 0 0 0 1 1 0 1 1 0 0 0 1 0 0 -12 
1 0 1 1 0 0 1 1 0 1 0 1 1 0 0 0 1 0 0 1 1 1 1 1 1 0 1 0 1 0 0 0 0 1 0 1 0 0 -32 
1 0 0 1 0 0 0 1 1 0 0 1 1 0 0 1 1 0 0 1 1 1 1 1 1 0 0 1 0 0 1 1 0 1 0 1 1 0 -77 
1 0 0 1 0 0 1 1 0 1 0 0 1 0 0 0 1 0 0 1 0 1 0 1 1 0 0 0 1 0 1 1 0 0 0 1 0 1 -23 

GEN 39
FIT_MEAN 307.9
0 0 0 1 0 0 1 1 0 0 0 1 1 0 0 0 0 0 0 1 1 1 0 1 1 0 0 0 1 1 0 0 0 1 0 1 0 0 725 
0 0 0 1 0 0 1 1 0 0 0 1 1 0 0 0 0 0 0 1 1 1 0 1 1 0 0 0 1 1 0 0 0 1 0 1 0 0 725 
0 0 0 1 0 0 1 0 0 0 1 1 1 1 0 0 1 0 0 0 1 1 0 1 1 0 0 0 1 0 1 0 0 0 0 1 0 0 676 
1 0 1 0 1 1 1 1 0 1 0 1 1 0 0 0 1 0 0 0 0 1 0 1 0 0 0 0 1 1 1 0 0 0 0 1 0 0 -21 
1 0 0 1 1 0 0 0 0 0 0 1 1 0 0 0 1 0 0 0 0 0 0 1 1 0 0 0 0 0 1 0 0 0 0 1 0 0 539 
0 0 0 1 0 0 0 1 0 0 0 1 0 0 0 1 0 0 0 1 1 1 0 1 1 0 0 0 1 1 0 0 0 0 0 1 0 0 584 
0 0 0 1 0 0 1 0 0 0 1 1 1 1 0 0 1 1 0 0 1 1 0 1 0 0 0 1 1 0 1 1 0 0 0 1 0 0 -17 
1 0 1 1 0 0 1 1 0 1 0 1 1 0 0 0 1 0 0 1 1 1 1 1 1 0 1 0 1 0 0 0 0 1 0 1 0 0 -32 
1 0 0 1 0 0 0 1 1 0 0 1 1 0 0 1 1 0 0 1 1 1 1 1 1 0 0 1 0 0 1 1 0 1 0 1 1 0 -77 
1 0 0 1 0 0 1 1 0 1 0 0 1 0 0 0 1 0 0 1 0 1 0 1 1 0 0 0 1 0 1 1 0 0 0 1 0 1 -23 

GEN 40
FIT_MEAN 260
0 0 0 1 0 0 1 1 0 0 0 1 1 0 0 0 0 0 0 1 1 1 0 1 1 0 0 0 1 1 0 0 0 1 0 1 0 0 725 
0 0 0 1 0 0 1 1 0 0 0 1 1 0 0 0 0 0 0 1 1 1 0 1 1 0 0 0 1 1 0 0 0 1 0 1 0 0 725 
0 0 0 1 0 0 1 0 0 0 1 1 1 1 0 0 1 0 0 0 1 1 0 1 1 0 0 0 1 0 1 0 0 0 0 1 0 0 676 
1 0 1 0 1 1 1 1 0 1 0 1 1 0 0 0 1 0 0 0 0 1 0 1 0 0 0 0 1 1 1 0 0 0 0 1 0 0 -21 
1 0 0 1 1 1 0 0 0 0 0 1 1 0 0 0 1 0 0 0 0 0 0 1 1 0 0 0 0 0 1 0 0 0 0 1 0 0 -7 
0 0 0 1 1 0 0 1 0 0 0 1 0 0 0 1 0 0 0 1 1 1 0 1 1 0 0 0 1 1 0 0 0 0 0 1 0 0 637 
0 0 0 1 0 0 1 0 0 0 1 1 1 1 0 0 1 1 0 0 1 1 0 1 0 0 0 1 1 0 1 1 0 0 0 1 0 0 -17 
1 0 1 1 0 0 1 1 0 1 0 1 1 0 0 0 1 0 0 1 1 1 1 1 1 0 1 0 1 0 0 0 0 1 0 1 0 0 -32 
1 0 0 1 0 0 0 0 1 0 0 1 1 0 0 1 1 0 0 1 1 1 1 1 1 0 0 1 0 0 1 1 0 1 0 1 1 0 -63 
1 0 0 1 0 0 1 1 0 1 0 0 1 0 0 0 1 0 0 1 0 1 0 1 1 0 0 0 1 0 1 1 0 0 0 1 0 1 -23 

GEN 41
FIT_MEAN 261.1
0 0 0 1 0 0 1 1 0 0 0 1 1 0 0 0 0 0 0 1 1 1 0 1 1 0 0 0 1 1 0 0 0 1 0 1 0 0 725 
0 0 0 1 0 0 1 1 0 0 0 1 1 0 0 0 0 0 0 1 1 1 0 1 1 0 0 0 1 1 0 0 0 1 0 1 0 0 725 
0 0 0 1 0 0 1 0 0 0 1 1 1 1 0 0 1 0 0 0 1 1 0 1 1 0 0 0 1 0 1 0 0 0 0 1 0 0 676 
1 0 1 0 1 1 1 1 0 1 0 1 1 0 0 0 1 0 0 0 0 1 0 1 0 0 0 0 1 1 1 0 0 0 0 1 0 0 -21 
1 0 0 1 1 1 0 0 0 0 0 1 1 0 0 0 1 0 0 0 0 1 0 1 1 0 0 0 0 0 1 0 0 0 0 1 0 0 -10 
0 0 0 1 1 0 0 1 0 0 0 1 0 0 0 1 0 0 0 1 1 1 0 1 1 0 0 0 1 1 0 0 0 0 0 1 0 0 637 
0 0 0 1 0 0 1 0 0 0 1 1 1 1 0 0 1 1 0 0 1 1 0 1 0 0 0 1 1 0 1 1 0 0 0 1 0 0 -17 
1 0 1 1 0 0 1 1 0 1 0 1 1 0 0 0 1 0 0 1 1 1 1 1 1 0 1 0 1 1 0 0 0 1 0 1 0 0 -33 
0 0 0 1 0 0 0 0 1 0 0 1 1 0 0 1 1 0 0 1 1 1 1 1 1 0 0 1 0 0 1 1 0 1 0 1 1 0 -48 
1 0 0 1 0 0 1 1 0 1 0 0 1 0 0 0 1 0 0 1 0 1 0 1 1 0 0 0 1 0 1 1 0 0 0 1 0 1 -23 

GEN 42
FIT_MEAN 252.6
0 0 0 1 0 0 1 1 0 0 0 1 1 0 0 0 0 0 0 1 1 1 0 1 1 0 0 0 1 1 0 0 0 1 0 1 0 0 725 
0 0 0 1 0 0 1 1 0 0 0 1 1 0 0 0 0 0 0 1 1 1 0 1 1 0 0 0 1 1 0 0 0 1 0 1 0 0 725 
0 0 0 1 0 0 1 0 0 0 1 1 1 1 0 0 1 0 0 0 1 1 0 1 1 0 0 0 1 0 1 0 0 0 0 1 0 0 676 
1 0 1 0 1 1 1 1 0 1 0 1 1 0 0 0 1 0 0 0 0 1 0 1 0 0 0 0 1 1 1 0 0 0 0 1 0 0 -21 
1 0 0 1 1 1 0 0 0 0 0 1 1 0 0 0 1 0 0 0 0 1 0 1 1 0 0 0 0 0 1 0 0 0 0 1 0 0 -10 
0 0 0 1 1 0 0 1 0 0 0 1 0 0 0 1 0 0 0 1 1 0 0 1 1 0 0 0 1 1 0 0 0 0 0 1 0 0 552 
0 0 0 1 0 0 1 0 0 0 1 1 1 1 0 0 1 1 0 0 1 1 0 1 0 0 0 1 1 0 1 1 0 0 0 1 0 0 -17 
1 0 1 1 0 0 1 1 0 1 0 1 1 0 0 0 1 0 0 1 1 1 1 1 1 0 1 0 1 1 0 0 0 1 0 1 0 0 -33 
0 0 0 1 0 0 0 0 1 0 0 1 1 0 0 1 1 0 0 1 1 1 1 1 1 0 0 1 0 0 1 1 0 1 0 1 1 0 -48 
1 0 0 1 0 0 1 1 0 1 0 0 1 0 0 0 1 0 0 1 0 1 0 1 1 0 0 0 1 0 1 1 0 0 0 1 0 1 -23 

GEN 43
FIT_MEAN 195.9
0 0 0 1 0 0 1 1 0 0 0 1 1 0 0 0 0 0 0 1 1 1 0 1 1 0 0 0 1 1 0 0 0 1 0 1 0 0 725 
0 0 0 1 0 0 1 1 0 0 0 1 1 0 0 0 0 0 0 1 1 1 0 1 1 0 0 0 1 1 0 0 0 1 0 1 0 0 725 
0 0 0 1 0 0 1 0 0 0 1 1 1 1 0 0 1 0 0 0 1 1 0 1 1 0 0 0 1 0 1 0 0 0 0 1 0 0 676 
1 0 1 0 1 1 1 1 0 1 0 1 1 0 0 0 1 0 0 0 0 1 0 1 0 0 0 0 1 1 1 0 0 0 0 1 0 0 -21 
1 0 0 1 1 1 0 0 0 0 0 1 1 0 0 0 1 0 0 0 0 1 0 1 1 0 0 0 0 0 1 0 0 0 0 1 0 0 -10 
0 0 0 1 1 0 0 1 0 0 0 1 0 0 0 1 0 0 0 1 1 0 0 1 1 0 0 0 1 1 0 0 0 0 0 1 1 0 -4 
0 0 0 1 0 0 1 0 0 0 1 1 1 1 0 0 1 1 0 0 1 1 0 1 0 0 0 1 1 0 1 1 0 0 0 1 0 0 -17 
1 0 1 1 0 0 1 1 0 1 0 1 1 0 0 0 1 0 0 1 1 1 1 1 1 0 1 1 1 1 0 0 0 1 0 1 0 0 -44 
0 0 0 1 0 0 0 0 1 0 0 1 1 0 0 1 1 0 0 1 1 1 1 1 1 0 0 1 0 0 1 1 0 1 0 1 1 0 -48 
1 0 0 1 0 0 1 1 0 1 0 0 1 0 0 0 1 0 0 1 0 1 0 1 1 0 0 0 1 0 1 1 0 0 0 1 0 1 -23 

GEN 44
FIT_MEAN 257.8
0 0 0 1 0 0 1 1 0 0 0 1 1 0 0 0 0 0 0 1 1 1 0 1 1 0 0 0 1 1 0 0 0 1 0 1 0 0 725 
0 0 0 1 0 0 1 1 0 0 0 1 1 0 0 0 0 0 0 1 1 1 0 1 1 0 0 0 1 1 0 0 0 1 0 1 0 0 725 
0 0 0 1 0 0 1 0 0 0 1 1 1 1 0 0 1 0 0 0 1 1 0 1 1 0 0 0 1 0 1 0 0 0 0 1 0 0 676 
1 0 1 0 1 1 1 1 0 1 0 1 1 0 0 0 1 0 0 0 0 1 0 1 0 0 0 0 1 1 1 0 0 0 0 1 0 0 -21 
1 0 0 1 0 1 0 0 0 0 0 1 1 0 0 0 1 0 0 0 0 1 0 1 1 0 0 0 0 0 1 0 0 0 0 1 0 0 609 
0 0 0 1 1 0 0 1 0 0 0 1 0 0 0 1 0 0 0 1 1 0 0 1 1 0 0 0 1 1 0 0 0 0 0 1 1 0 -4 
0 0 0 1 0 0 1 0 0 0 1 1 1 1 0 0 1 1 0 0 1 1 0 1 0 0 0 1 1 0 1 1 0 0 0 1 0 0 -17 
1 0 1 1 0 0 1 1 0 1 0 1 1 0 0 0 1 0 0 1 1 1 1 1 1 0 1 1 1 1 0 0 0 1 0 1 0 0 -44 
0 0 0 1 0 0 0 0 1 0 0 1 1 0 0 1 1 0 0 1 1 1 1 1 1 0 0 1 0 0 1 1 0 1 0 1 1 0 -48 
1 0 0 1 0 0 1 1 0 1 0 0 1 0 0 0 1 0 0 1 0 1 0 1 1 0 0 0 1 0 1 1 0 0 0 1 0 1 -23 

GEN 45
FIT_MEAN 257.8
0 0 0 1 0 0 1 1 0 0 0 1 1 0 0 0 0 0 0 1 1 1 0 1 1 0 0 0 1 1 0 0 0 1 0 1 0 0 725 
0 0 0 1 0 0 1 1 0 0 0 1 1 0 0 0 0 0 0 1 1 1 0 1 1 0 0 0 1 1 0 0 0 1 0 1 0 0 725 
0 0 0 1 0 0 1 0 0 0 1 1 1 1 0 0 1 0 0 0 1 1 0 1 1 0 0 0 1 0 1 0 0 0 0 1 0 0 676 
1 0 1 0 1 1 1 1 0 1 0 1 1 0 0 0 1 0 0 0 0 1 0 1 0 0 0 0 1 1 1 0 0 0 0 1 0 0 -21 
1 0 0 1 0 1 0 0 0 0 0 1 1 0 0 0 1 0 0 0 0 1 0 1 1 0 0 0 0 0 1 0 0 0 0 1 0 0 609 
0 0 0 1 1 0 0 1 0 0 0 1 0 0 0 1 0 0 0 1 1 0 0 1 1 0 0 0 1 1 0 0 0 0 0 1 1 0 -4 
0 0 0 1 0 0 1 0 0 0 1 1 1 1 0 0 1 1 0 0 1 1 0 1 0 0 0 1 1 0 1 1 0 0 0 1 0 0 -17 
1 0 1 1 0 0 1 1 0 1 0 1 1 0 0 0 1 0 0 1 1 1 1 1 1 0 1 1 1 1 0 0 0 1 0 1 0 0 -44 
0 0 0 1 0 0 0 0 1 0 0 1 1 0 0 1 1 0 0 1 1 1 1 1 1 0 0 1 0 0 1 1 0 1 0 1 1 0 -48 
1 0 0 1 0 0 1 1 0 1 0 0 1 0 0 0 1 0 0 1 0 1 0 1 1 0 0 0 1 0 1 1 0 0 0 1 0 1 -23 

GEN 46
FIT_MEAN 257.7
0 0 0 1 0 0 1 1 0 0 0 1 1 0 0 0 0 0 0 1 1 1 0 1 1 0 0 0 1 1 0 0 0 1 0 1 0 0 725 
0 0 0 1 0 0 1 1 0 0 0 1 1 0 0 0 0 0 0 1 1 1 0 1 1 0 0 0 1 1 0 0 0 1 0 1 0 0 725 
0 0 0 1 0 0 1 0 0 0 1 1 1 1 0 0 1 0 0 0 1 1 0 1 1 0 0 0 1 0 1 0 0 0 0 1 0 0 676 
1 0 1 0 1 1 1 1 0 1 0 1 1 0 0 0 1 0 0 0 0 1 0 1 0 0 0 0 1 1 1 0 0 0 0 1 0 0 -21 
1 0 0 1 0 1 0 0 0 0 0 1 1 0 0 0 1 0 0 0 0 1 0 1 1 0 0 0 0 0 1 0 0 0 0 1 0 0 609 
0 0 0 1 1 0 0 1 0 0 0 1 0 0 0 1 0 0 0 1 1 0 0 1 1 0 0 0 1 1 0 0 0 0 0 1 1 0 -4 
0 0 0 1 0 0 1 0 0 0 1 1 1 1 0 0 1 1 0 0 1 1 0 1 0 0 0 1 1 0 1 1 0 0 0 1 0 0 -17 
1 0 1 1 0 0 1 1 0 1 0 1 1 0 0 0 1 0 0 1 1 1 1 1 1 0 1 1 1 1 0 0 0 1 0 1 0 0 -44 
0 0 0 1 0 0 0 0 1 0 0 1 1 0 0 1 1 0 0 1 1 1 1 1 1 0 0 1 0 0 1 1 0 1 0 1 1 0 -48 
1 0 0 1 0 0 1 1 0 1 0 0 1 0 0 0 1 0 0 1 0 1 0 1 1 0 0 0 1 0 1 1 1 0 0 1 0 1 -24 

GEN 47
FIT_MEAN 196.8
0 0 0 1 0 0 1 1 0 0 0 1 1 0 0 0 0 0 0 1 1 1 0 1 1 0 0 0 1 1 0 0 0 1 0 1 0 0 725 
0 0 0 1 0 0 1 1 0 0 0 1 1 0 0 0 0 0 0 1 1 1 0 1 1 0 0 0 1 1 0 0 0 1 0 1 0 0 725 
0 0 0 1 0 0 1 0 0 0 1 1 1 1 0 0 1 0 0 0 1 1 0 1 1 0 0 0 1 0 1 0 0 0 0 1 0 0 676 
1 0 1 0 1 1 1 1 0 1 0 1 1 0 0 0 1 0 0 0 0 1 0 1 0 0 0 0 1 1 1 0 0 0 0 1 0 0 -21 
1 0 0 1 0 1 0 0 0 0 0 1 1 0 0 0 1 0 0 0 0 1 0 1 1 0 1 0 0 0 1 0 0 0 0 1 0 0 -1 
0 0 0 1 1 0 0 1 0 0 0 1 0 0 0 1 0 0 0 1 1 0 0 0 1 0 0 0 1 1 0 0 0 0 0 1 1 0 -2 
0 0 0 1 0 0 1 0 0 0 1 1 1 1 0 0 1 1 1 0 1 1 0 1 0 0 0 1 1 0 1 1 0 0 0 1 0 0 -27 
1 0 1 1 0 0 1 1 0 1 0 1 1 0 0 0 1 0 0 1 1 1 1 1 1 0 1 1 1 1 0 0 0 0 0 1 0 0 -35 
0 0 0 1 0 0 0 0 1 0 0 1 1 0 0 1 1 0 0 1 1 1 1 1 1 0 0 1 0 0 1 1 0 1 0 1 1 0 -48 
1 0 0 1 0 0 1 1 0 1 0 0 1 0 0 0 1 0 0 1 0 1 0 1 1 0 0 0 1 0 1 1 1 0 0 1 0 1 -24 

GEN 48
FIT_MEAN 197.5
0 0 0 1 0 0 1 1 0 0 0 1 1 0 0 0 0 0 0 1 1 1 0 1 1 0 0 0 1 1 0 0 0 1 0 1 0 0 725 
0 0 0 1 0 0 1 1 0 0 0 1 1 0 0 0 0 0 0 1 1 1 0 1 1 0 0 0 1 1 0 0 0 1 0 1 0 0 725 
0 0 0 1 0 0 1 0 0 0 1 1 1 1 0 0 1 0 0 0 1 1 0 1 1 0 0 0 1 0 1 0 0 0 0 1 0 0 676 
1 0 1 0 1 0 1 1 0 1 0 1 1 0 0 0 1 0 0 0 0 1 0 1 0 0 0 0 1 1 1 0 0 0 0 1 0 0 -9 
1 0 0 1 0 1 0 0 0 0 0 1 1 0 0 0 1 0 0 0 0 1 0 1 1 0 1 0 0 0 1 0 0 0 0 1 0 0 -1 
0 0 0 1 1 0 0 1 1 0 0 1 0 0 0 1 0 0 0 1 1 0 0 0 1 0 0 0 1 1 0 0 0 0 0 1 1 0 -18 
0 0 0 1 0 0 1 0 0 0 1 1 1 1 0 0 1 1 1 0 1 1 0 1 0 0 0 1 1 0 1 1 0 0 0 1 0 0 -27 
1 0 1 1 0 0 1 1 0 1 0 1 1 0 0 0 1 0 0 1 1 1 1 1 1 0 1 1 1 1 0 0 0 0 0 1 0 0 -35 
0 0 0 1 0 0 0 0 1 0 0 1 1 0 0 1 1 0 0 1 1 1 1 1 1 0 0 0 0 0 1 1 0 1 0 1 1 0 -37 
1 0 0 1 0 0 1 1 0 1 0 0 1 0 0 0 1 0 0 1 0 1 0 1 1 0 0 0 1 0 1 1 1 0 0 1 0 1 -24 

GEN 49
FIT_MEAN 197.6
0 0 0 1 0 0 1 1 0 0 0 1 1 0 0 0 0 0 0 1 1 1 0 1 1 0 0 0 1 1 0 0 0 1 0 1 0 0 725 
0 0 0 1 0 0 1 1 0 0 0 1 1 0 0 0 0 0 0 1 1 1 0 1 1 0 0 0 1 1 0 0 0 1 0 1 0 0 725 
0 0 0 1 0 0 1 0 0 0 1 1 1 1 0 0 1 0 0 0 1 1 0 1 1 0 0 0 1 0 1 0 0 0 0 1 0 0 676 
1 0 1 0 1 0 1 1 0 1 0 1 1 0 0 0 1 0 0 0 0 1 0 1 0 0 0 0 1 1 1 0 0 0 0 1 0 0 -9 
1 0 0 1 0 1 0 0 0 0 0 1 1 0 0 0 1 0 0 0 0 1 0 1 1 0 1 0 0 0 1 0 0 0 0 1 0 0 -1 
0 0 0 1 1 0 0 1 1 0 0 1 0 0 0 1 0 0 0 1 1 0 0 0 1 0 0 0 1 0 0 0 0 0 0 1 1 0 -17 
0 0 0 1 0 0 1 0 0 0 1 1 1 1 0 0 1 1 1 0 1 1 0 1 0 0 0 1 1 0 1 1 0 0 0 1 0 0 -27 
1 0 1 1 0 0 1 1 0 1 0 1 1 0 0 0 1 0 0 1 1 1 1 1 1 0 1 1 1 1 0 0 0 0 0 1 0 0 -35 
0 0 0 1 0 0 0 0 1 0 0 1 1 0 0 1 1 0 0 1 1 1 1 1 1 0 0 0 0 0 1 1 0 1 0 1 1 0 -37 
1 0 0 1 0 0 1 1 0 1 0 0 1 0 0 0 1 0 0 1 0 1 0 1 1 0 0 0 1 0 1 1 1 0 0 1 0 1 -24 

GEN 50
FIT_MEAN 196.9
0 0 0 1 0 0 1 1 0 0 0 1 1 0 0 0 0 0 0 1 1 1 0 1 1 0 0 0 1 1 0 0 0 1 0 1 0 0 725 
0 0 0 1 0 0 1 1 0 0 0 1 1 0 0 0 0 0 0 1 1 1 0 1 1 0 0 0 1 1 0 0 0 1 0 1 0 0 725 
0 0 0 1 0 0 1 0 0 0 1 1 1 1 0 0 1 0 0 0 1 1 0 1 1 0 0 0 1 0 1 0 0 0 0 1 0 0 676 
1 0 1 0 1 0 1 1 0 1 0 1 1 0 0 0 1 0 0 0 0 1 0 1 1 0 0 0 1 1 1 0 0 0 0 1 0 0 -16 
1 0 0 1 0 1 0 0 0 0 0 1 1 0 0 0 1 0 0 0 0 1 0 1 1 0 1 0 0 0 1 0 0 0 0 1 0 0 -1 
0 0 0 1 1 0 0 1 1 0 0 1 0 0 0 1 0 0 0 1 1 0 0 0 1 0 0 0 1 0 0 0 0 0 0 1 1 0 -17 
0 0 0 1 0 0 1 0 0 0 1 1 1 1 0 0 1 1 1 0 1 1 0 1 0 0 0 1 1 0 1 1 0 0 0 1 0 0 -27 
1 0 1 1 0 0 1 1 0 1 0 1 1 0 0 0 1 0 0 1 1 1 1 1 1 0 1 1 1 1 0 0 0 0 0 1 0 0 -35 
0 0 0 1 0 0 0 0 1 0 0 1 1 0 0 1 1 0 0 1 1 1 1 1 1 0 0 0 0 0 1 1 0 1 0 1 1 0 -37 
1 0 0 1 0 0 1 1 0 1 0 0 1 0 0 0 1 0 0 1 0 1 0 1 1 0 0 0 1 0 1 1 1 0 0 1 0 1 -24 

GEN 51
FIT_MEAN 196.9
0 0 0 1 0 0 1 1 0 0 0 1 1 0 0 0 0 0 0 1 1 1 0 1 1 0 0 0 1 1 0 0 0 1 0 1 0 0 725 
0 0 0 1 0 0 1 1 0 0 0 1 1 0 0 0 0 0 0 1 1 1 0 1 1 0 0 0 1 1 0 0 0 1 0 1 0 0 725 
0 0 0 1 0 0 1 0 0 0 1 1 1 1 0 0 1 0 0 0 1 1 0 1 1 0 0 0 1 0 1 0 0 0 0 1 0 0 676 
1 0 1 0 1 0 1 1 0 1 0 1 1 0 0 0 1 0 0 0 0 1 0 1 1 0 0 0 1 1 1 0 0 0 0 1 0 0 -16 
1 0 0 1 0 1 0 0 0 0 0 1 1 0 0 0 1 0 0 0 0 1 0 1 1 0 1 0 0 0 1 0 0 0 0 1 0 0 -1 
0 0 0 1 1 0 0 1 1 0 0 1 0 0 0 1 0 0 0 1 1 0 0 0 1 0 0 0 1 0 0 0 0 0 0 1 1 0 -17 
0 0 0 1 0 0 1 0 0 0 1 1 1 1 0 0 1 1 1 0 1 1 0 1 0 0 0 1 1 0 1 1 0 0 0 1 0 0 -27 
1 0 1 1 0 0 1 1 0 1 0 1 1 0 0 0 1 0 0 1 1 1 1 1 1 0 1 1 1 1 0 0 0 0 0 1 0 0 -35 
0 0 0 1 0 0 0 0 1 0 0 1 1 0 0 1 1 0 0 1 1 1 1 1 1 0 0 0 0 0 1 1 0 1 0 1 1 0 -37 
1 0 0 1 0 0 1 1 0 1 0 0 1 0 0 0 1 0 0 1 0 1 0 1 1 0 0 0 1 0 1 1 1 0 0 1 0 1 -24 

GEN 52
FIT_MEAN 196.9
0 0 0 1 0 0 1 1 0 0 0 1 1 0 0 0 0 0 0 1 1 1 0 1 1 0 0 0 1 1 0 0 0 1 0 1 0 0 725 
0 0 0 1 0 0 1 1 0 0 0 1 1 0 0 0 0 0 0 1 1 1 0 1 1 0 0 0 1 1 0 0 0 1 0 1 0 0 725 
0 0 0 1 0 0 1 0 0 0 1 1 1 1 0 0 1 0 0 0 1 1 0 1 1 0 0 0 1 0 1 0 0 0 0 1 0 0 676 
1 0 1 0 1 0 1 1 0 1 0 1 1 0 0 0 1 0 0 0 0 1 0 1 1 0 0 0 1 1 1 0 0 0 0 1 0 0 -16 
1 0 0 1 0 1 0 0 0 0 0 1 1 0 0 0 1 0 0 0 0 1 0 1 1 0 1 0 0 0 1 0 0 0 0 1 0 0 -1 
0 0 0 1 1 0 0 1 1 0 0 1 0 0 0 1 0 0 0 1 1 0 0 0 1 0 0 0 1 0 0 0 0 0 0 1 1 0 -17 
0 0 0 1 0 0 1 0 0 0 1 1 1 1 0 0 1 1 1 0 1 1 0 1 0 0 0 1 1 0 1 1 0 0 0 1 0 0 -27 
1 0 1 1 0 0 1 1 0 1 0 1 1 0 0 0 1 0 0 1 1 1 1 1 1 0 1 1 1 1 0 0 0 0 0 1 0 0 -35 
0 0 0 1 0 0 0 0 1 0 0 1 1 0 0 1 1 0 0 1 1 1 1 1 1 0 0 0 0 0 1 1 0 1 0 1 1 0 -37 
1 0 0 1 0 0 1 1 0 1 0 0 1 0 0 0 1 0 0 1 0 1 0 1 1 0 0 0 1 0 1 1 1 0 0 1 0 1 -24 

GEN 53
FIT_MEAN 196.2
0 0 0 1 0 0 1 1 0 0 0 1 1 0 0 0 0 0 0 1 1 1 0 1 1 0 0 0 1 1 0 0 0 1 0 1 0 0 725 
0 0 0 1 0 0 1 1 0 0 0 1 1 0 0 0 0 0 0 1 1 1 0 1 1 0 0 0 1 1 0 0 0 1 0 1 0 0 725 
0 0 0 1 0 0 1 0 0 0 1 1 1 1 0 0 1 0 0 0 1 1 0 1 1 0 0 0 1 0 1 0 0 0 0 1 0 0 676 
1 0 1 0 1 0 1 1 0 1 0 1 1 0 0 0 1 0 0 0 0 1 0 1 1 0 0 0 1 1 1 0 0 0 0 1 0 0 -16 
1 0 0 1 0 1 0 0 0 1 0 1 1 0 0 0 1 0 0 0 0 1 0 1 1 0 1 0 0 0 1 0 0 0 0 1 0 0 -4 
0 0 0 1 1 0 0 1 1 0 0 1 0 0 0 1 0 0 0 1 1 0 0 0 1 0 0 0 1 0 0 0 0 0 0 1 1 0 -17 
0 0 0 1 0 0 1 0 0 0 1 1 1 1 0 0 1 1 1 0 1 1 0 1 0 0 0 1 1 0 1 1 0 0 0 1 0 0 -27 
1 0 1 1 0 0 1 1 0 1 0 1 1 0 0 0 1 0 0 1 1 1 1 1 1 0 1 1 1 1 0 0 0 0 0 1 1 0 -45 
0 0 0 1 0 0 0 0 1 0 0 1 1 0 0 1 1 0 0 1 1 1 1 1 1 0 0 0 0 0 0 1 0 1 0 1 1 0 -31 
1 0 0 1 0 0 1 1 0 1 0 0 1 0 0 0 1 0 0 1 0 1 0 1 1 0 0 0 1 0 1 1 1 0 0 1 0 1 -24 

GEN 54
FIT_MEAN 195.7
0 0 0 1 0 0 1 1 0 0 0 1 1 0 0 0 0 0 0 1 1 1 0 1 1 0 0 0 1 1 0 0 0 1 0 1 0 0 725 
0 0 0 1 0 0 1 1 0 0 0 1 1 0 0 0 0 0 0 1 1 1 0 1 1 0 0 0 1 1 0 0 0 1 0 1 0 0 725 
0 0 0 1 0 0 1 0 0 0 1 1 1 1 0 0 1 0 0 0 1 1 0 1 1 0 0 0 1 0 1 0 0 0 0 1 0 0 676 
1 0 1 0 1 0 1 1 0 1 0 1 1 0 0 0 1 0 0 0 0 1 0 1 1 0 0 0 1 1 1 0 0 0 0 1 0 0 -16 
1 0 0 1 0 1 0 0 0 1 0 1 1 0 0 0 1 0 0 0 0 1 0 1 1 0 1 0 0 0 1 0 0 0 0 1 0 0 -4 
0 0 0 1 1 0 0 1 1 0 0 1 0 0 0 1 0 0 0 1 1 0 0 0 1 0 0 0 1 0 0 0 0 0 0 1 1 0 -17 
0 0 0 1 1 0 1 0 0 0 1 1 1 1 0 0 1 1 1 0 1 1 0 1 0 0 0 1 1 0 1 1 0 0 0 1 0 0 -38 
1 0 1 1 0 0 1 1 0 1 0 1 1 0 0 0 1 0 0 1 1 1 1 1 1 0 1 1 1 1 0 0 0 0 0 1 1 0 -45 
0 0 0 1 0 0 0 0 1 0 0 1 1 0 0 1 1 0 0 1 1 1 1 1 1 0 0 0 0 0 0 1 0 1 0 1 1 0 -31 
1 0 0 1 0 0 0 1 0 1 0 0 1 0 0 0 1 0 0 1 0 1 0 1 1 0 0 0 1 0 1 1 1 0 0 1 0 1 -18 

GEN 55
FIT_MEAN 195.7
0 0 0 1 0 0 1 1 0 0 0 1 1 0 0 0 0 0 0 1 1 1 0 1 1 0 0 0 1 1 0 0 0 1 0 1 0 0 725 
0 0 0 1 0 0 1 1 0 0 0 1 1 0 0 0 0 0 0 1 1 1 0 1 1 0 0 0 1 1 0 0 0 1 0 1 0 0 725 
0 0 0 1 0 0 1 0 0 0 1 1 1 1 0 0 1 0 0 0 1 1 0 1 1 0 0 0 1 0 1 0 0 0 0 1 0 0 676 
1 0 1 0 1 0 1 1 0 1 0 1 1 0 0 0 1 0 0 0 0 1 0 1 1 0 0 0 1 1 1 0 0 0 0 1 0 0 -16 
1 0 0 1 0 1 0 0 0 1 0 1 1 0 0 0 1 0 0 0 0 1 0 1 1 0 1 0 0 0 1 0 0 0 0 1 0 0 -4 
0 0 0 1 1 0 0 1 1 0 0 1 0 0 0 1 0 0 0 1 1 0 0 0 0 0 0 0 1 0 0 0 0 0 0 1 1 0 -10 
0 0 0 1 1 0 1 0 0 0 1 1 1 1 0 0 1 1 1 0 1 1 0 1 0 0 0 1 1 0 1 1 0 0 0 1 0 0 -38 
1 0 1 1 0 0 1 1 0 1 0 1 1 0 0 0 1 0 0 1 1 1 1 1 1 0 1 1 1 1 0 0 0 0 0 1 1 0 -45 
0 0 0 1 0 0 0 0 1 0 0 1 1 0 0 1 1 0 0 1 1 1 1 1 1 0 0 0 0 0 0 1 0 1 0 1 1 0 -31 
1 0 0 1 0 0 0 1 0 1 0 0 1 0 0 0 1 0 0 1 1 1 0 1 1 0 0 0 1 0 1 1 1 0 0 1 0 1 -25 

GEN 56
FIT_MEAN 196.3
0 0 0 1 0 0 1 1 0 0 0 1 1 0 0 0 0 0 0 1 1 1 0 1 1 0 0 0 1 1 0 0 0 1 0 1 0 0 725 
0 0 0 1 0 0 1 1 0 0 0 1 1 0 0 0 0 0 0 1 1 1 0 1 1 0 0 0 1 1 0 0 0 1 0 1 0 0 725 
0 0 0 1 0 0 1 0 0 0 1 1 1 1 0 0 1 0 0 0 1 1 0 1 1 0 0 0 1 0 1 0 0 0 0 1 0 0 676 
1 0 1 0 1 0 1 1 0 1 0 1 1 0 0 0 1 0 0 0 0 1 0 1 1 0 0 0 1 1 1 0 0 0 0 1 0 0 -16 
1 0 0 1 0 1 0 0 0 1 0 1 1 0 0 0 1 0 0 0 0 1 0 1 1 0 1 0 0 0 1 0 0 0 0 1 0 0 -4 
0 0 0 1 1 0 0 1 1 0 0 1 0 0 0 1 0 0 0 1 1 0 0 0 0 0 0 0 1 0 0 0 0 0 0 1 1 0 -10 
0 0 0 1 1 0 1 0 0 0 1 1 1 1 0 0 1 1 1 1 1 1 0 1 0 0 0 1 1 0 1 1 0 0 0 1 0 0 -39 
1 0 1 1 0 0 1 1 0 1 0 1 1 0 0 0 1 0 0 1 1 1 1 1 1 0 1 1 1 1 0 0 0 0 0 1 1 0 -45 
0 0 0 1 0 0 0 0 1 0 0 1 1 0 0 1 1 0 0 1 1 1 1 1 0 0 0 0 0 0 0 1 0 1 0 1 1 0 -24 
1 0 0 1 0 0 0 1 0 1 0 0 1 0 0 0 1 0 0 1 1 1 0 1 1 0 0 0 1 0 1 1 1 0 0 1 0 1 -25 

GEN 57
FIT_MEAN 195.1
0 0 0 1 0 0 1 1 0 0 0 1 1 0 0 0 0 0 0 1 1 1 0 1 1 0 0 0 1 1 0 0 0 1 0 1 0 0 725 
0 0 0 1 0 0 1 1 0 0 0 1 1 0 0 0 0 0 0 1 1 1 0 1 1 0 0 0 1 1 0 0 0 1 0 1 0 0 725 
0 0 0 1 0 0 1 0 0 0 1 1 1 1 0 0 1 0 0 0 1 1 0 1 1 0 0 0 1 0 1 0 0 0 0 1 0 0 676 
1 0 1 0 1 0 1 1 0 1 0 1 1 0 0 0 1 0 0 0 0 1 0 1 1 0 0 0 1 1 1 0 0 0 0 1 0 0 -16 
1 0 0 1 0 1 0 0 0 1 0 1 1 0 0 0 1 0 0 0 0 1 0 1 1 0 1 0 0 0 1 0 0 0 0 1 0 0 -4 
0 0 0 1 1 0 0 1 1 0 0 1 0 0 0 1 0 0 0 1 1 0 0 0 0 0 0 0 1 0 0 0 0 0 0 1 1 0 -10 
0 0 0 1 1 0 1 0 0 0 1 1 1 1 0 0 1 1 1 1 1 1 0 1 0 0 0 1 1 0 1 1 0 0 0 1 0 0 -39 
1 0 1 1 0 0 1 1 0 1 0 1 1 0 0 0 1 0 0 1 1 1 1 1 1 0 1 1 1 1 0 0 0 0 0 1 1 0 -45 
0 0 0 1 0 0 0 0 1 0 0 1 1 0 0 1 1 0 0 1 1 1 1 1 0 0 0 0 0 1 0 1 0 1 0 1 1 0 -25 
1 0 0 1 0 0 0 1 0 1 0 0 1 0 0 0 1 0 0 1 1 1 0 1 1 0 0 1 1 0 1 1 1 0 0 1 0 1 -36 

GEN 58
FIT_MEAN 196.3
0 0 0 1 0 0 1 1 0 0 0 1 1 0 0 0 0 0 0 1 1 1 0 1 1 0 0 0 1 1 0 0 0 1 0 1 0 0 725 
0 0 0 1 0 0 1 1 0 0 0 1 1 0 0 0 0 0 0 1 1 1 0 1 1 0 0 0 1 1 0 0 0 1 0 1 0 0 725 
0 0 0 1 0 0 1 0 0 0 1 1 1 1 0 0 1 0 0 0 1 1 0 1 1 0 0 0 1 0 1 0 0 0 0 1 0 0 676 
1 0 1 0 1 0 1 1 0 1 0 1 1 0 0 0 1 0 0 0 0 1 0 1 1 0 0 0 1 1 1 0 0 0 0 1 0 0 -16 
1 0 0 1 0 1 0 0 0 1 0 1 1 0 0 0 1 0 0 0 0 1 0 1 1 0 1 0 0 0 1 0 0 0 0 1 0 0 -4 
0 0 0 1 1 0 0 1 1 0 0 1 0 0 0 1 0 0 0 1 1 0 0 0 0 0 0 0 1 0 0 0 0 0 0 1 1 0 -10 
0 0 0 1 1 0 1 0 0 0 1 1 1 1 0 0 1 1 0 1 1 1 0 1 0 0 0 1 1 0 1 1 0 0 0 1 0 0 -29 
1 0 1 1 0 0 1 1 0 1 0 1 1 0 0 0 1 0 0 1 1 1 1 0 1 0 1 1 1 1 0 0 0 0 0 1 1 0 -43 
0 0 0 1 0 0 0 0 1 0 0 1 1 0 0 1 1 0 0 1 1 1 1 1 0 0 0 0 0 1 0 1 0 1 0 1 1 0 -25 
1 0 0 1 0 0 0 1 0 1 0 0 1 0 0 0 1 0 0 1 1 1 0 1 1 0 0 1 1 0 1 1 1 0 0 1 0 1 -36 

GEN 59
FIT_MEAN 196.3
0 0 0 1 0 0 1 1 0 0 0 1 1 0 0 0 0 0 0 1 1 1 0 1 1 0 0 0 1 1 0 0 0 1 0 1 0 0 725 
0 0 0 1 0 0 1 1 0 0 0 1 1 0 0 0 0 0 0 1 1 1 0 1 1 0 0 0 1 1 0 0 0 1 0 1 0 0 725 
0 0 0 1 0 0 1 0 0 0 1 1 1 1 0 0 1 0 0 0 1 1 0 1 1 0 0 0 1 0 1 0 0 0 0 1 0 0 676 
1 0 1 0 1 0 1 1 0 1 0 1 1 0 0 0 1 0 0 0 0 1 0 1 1 0 0 0 1 1 1 0 0 0 0 1 0 0 -16 
1 0 0 1 0 1 0 0 0 1 0 1 1 0 0 0 1 0 0 0 0 1 0 1 1 0 1 0 0 0 1 0 0 0 0 1 0 0 -4 
0 0 0 1 1 0 0 1 1 0 0 1 0 0 0 1 0 0 0 1 1 0 0 0 0 0 0 0 1 0 0 0 0 0 0 1 1 0 -10 
0 0 0 1 1 0 1 0 0 0 1 1 1 1 0 0 1 1 0 1 1 1 0 1 0 0 0 1 1 0 1 1 0 0 0 1 0 0 -29 
1 0 1 1 0 0 1 1 0 1 0 1 1 0 0 0 1 0 0 1 1 1 1 0 1 0 1 1 1 1 0 0 0 0 0 1 1 0 -43 
0 0 0 1 0 0 0 0 1 0 0 1 1 0 0 1 1 0 0 1 1 1 1 1 0 0 0 0 0 1 0 1 0 1 0 1 1 0 -25 
1 0 0 1 0 0 0 1 0 1 0 0 1 0 0 0 1 0 0 1 1 1 0 1 1 0 0 1 1 0 1 1 1 0 0 1 0 1 -36 

GEN 60
FIT_MEAN 265.5
0 0 0 1 0 0 1 1 0 0 0 1 1 0 0 0 0 0 0 1 1 1 0 1 1 0 0 0 1 1 0 0 0 1 0 1 0 0 725 
0 0 0 1 0 0 1 1 0 0 0 1 1 0 0 0 0 0 0 1 1 1 0 1 1 0 0 0 1 1 0 0 0 1 0 1 0 0 725 
0 0 0 1 0 0 1 0 0 0 1 1 1 1 0 0 1 0 0 0 1 1 0 1 1 0 0 0 1 0 1 0 0 0 0 1 0 0 676 
1 0 1 0 1 0 1 1 0 1 0 1 1 0 0 0 1 0 0 0 0 1 0 1 0 0 0 0 1 1 1 0 0 0 0 1 0 0 -9 
1 0 0 1 0 1 0 0 0 1 0 0 1 0 0 0 1 0 0 0 0 1 0 1 1 0 1 0 0 0 1 0 0 0 0 1 0 0 681 
0 0 0 1 1 0 0 1 1 0 0 1 0 0 0 1 0 0 0 1 1 0 0 0 0 0 0 0 1 0 0 0 0 0 0 1 1 0 -10 
0 0 0 1 1 0 1 0 0 0 1 1 1 1 0 0 1 1 0 1 1 1 0 1 0 0 0 1 1 0 1 1 0 0 0 1 0 0 -29 
1 0 1 1 0 0 1 1 0 1 0 1 1 0 0 0 1 0 0 1 1 1 1 0 1 0 1 1 1 1 0 0 0 0 0 1 1 0 -43 
0 0 0 1 0 0 0 0 1 0 0 1 1 0 0 1 1 0 0 1 1 1 1 1 0 0 0 0 0 1 0 1 0 1 0 1 1 0 -25 
1 0 0 1 0 0 0 1 0 1 0 0 1 0 0 0 1 0 0 1 1 1 0 1 1 0 0 1 1 0 1 1 1 0 0 1 0 1 -36 

GEN 61
FIT_MEAN 348.7
0 0 0 1 0 0 1 1 0 0 0 1 1 0 0 0 0 0 0 1 1 1 0 1 1 0 0 0 1 1 0 0 0 1 0 1 0 0 725 
0 0 0 1 0 0 1 1 0 0 0 1 1 0 0 0 0 0 0 1 1 1 0 1 1 0 0 0 1 1 0 0 0 1 0 1 0 0 725 
1 0 0 1 0 1 0 0 0 1 0 0 1 0 0 0 1 0 0 0 0 1 0 1 1 0 1 0 0 0 1 0 0 0 0 1 0 0 681 
1 0 1 0 0 0 1 1 0 1 0 1 1 0 0 0 1 0 0 0 0 1 0 1 0 0 0 0 1 1 1 0 0 0 0 1 0 0 830 
1 0 0 1 0 1 0 0 0 1 0 0 1 0 0 0 1 0 0 0 0 1 0 1 1 0 1 0 0 0 1 0 0 0 0 1 0 0 681 
0 0 0 1 1 0 0 1 1 0 0 1 0 0 0 1 0 0 0 0 1 0 0 0 0 0 0 0 1 0 0 0 0 0 0 1 1 0 -9 
0 0 0 1 1 0 1 0 0 0 1 1 1 1 1 0 1 1 0 1 1 1 0 1 0 0 0 1 1 0 1 1 0 0 0 1 0 0 -31 
1 0 1 1 0 0 1 1 0 1 0 1 1 0 0 0 1 0 0 1 1 0 1 0 1 0 1 1 1 1 0 0 0 0 0 1 1 0 -40 
0 0 0 1 0 0 0 0 1 0 0 1 1 0 0 1 1 0 0 1 1 1 1 1 0 0 0 0 0 1 0 1 0 1 0 1 1 0 -25 
1 0 0 1 0 0 0 1 0 1 0 0 1 0 0 0 1 0 0 1 1 1 0 1 1 0 0 1 1 0 1 1 1 0 1 1 0 1 -50 

GEN 62
FIT_MEAN 361.9
1 0 1 0 0 0 1 1 0 1 0 1 1 0 0 0 1 0 0 0 0 1 0 1 0 0 0 0 1 1 1 0 0 0 0 1 0 0 830 
0 0 0 1 0 0 1 1 0 0 0 1 1 0 0 0 0 0 0 1 1 1 0 1 1 0 0 0 1 1 0 0 0 1 0 1 0 0 725 
0 0 0 1 0 0 1 1 0 0 0 1 1 0 0 0 0 0 0 1 1 1 0 1 1 0 0 0 1 1 0 0 0 1 0 1 0 0 725 
1 0 1 0 0 0 1 1 0 1 0 1 1 0 0 0 1 0 0 0 0 1 0 1 0 0 0 0 1 1 1 0 0 0 0 1 0 0 830 
1 0 0 1 0 1 0 0 0 1 0 0 1 0 0 0 1 0 0 0 0 1 0 1 1 0 1 0 0 0 1 0 0 0 0 1 0 0 681 
0 0 0 1 1 0 0 1 1 0 0 1 0 0 0 1 0 0 0 0 1 0 0 0 0 0 0 0 1 0 0 0 0 0 0 1 1 0 -9 
0 0 0 1 1 0 1 0 0 0 1 1 1 1 1 0 1 1 0 1 1 1 0 1 0 0 0 1 1 0 1 1 0 0 0 1 0 0 -31 
1 0 1 1 0 0 1 1 0 1 0 1 1 1 0 0 1 0 0 1 1 0 1 0 1 0 1 1 1 1 0 0 0 0 0 1 1 0 -45 
0 0 0 1 0 0 0 0 1 0 0 1 1 0 0 1 1 0 0 1 1 1 1 1 0 0 0 0 0 1 0 1 0 1 0 1 1 0 -25 
1 0 0 1 0 1 0 1 0 1 0 0 1 0 0 0 1 0 0 1 1 1 0 1 1 0 0 1 1 0 1 1 1 0 1 1 0 1 -62 

GEN 63
FIT_MEAN 372.2
1 0 1 0 0 0 1 1 0 1 0 1 1 0 0 0 1 0 0 0 0 1 0 1 0 0 0 0 1 1 1 0 0 0 0 1 0 0 830 
1 0 1 0 0 0 1 1 0 1 0 1 1 0 0 0 1 0 0 0 0 1 0 1 0 0 0 0 1 1 1 0 0 0 0 1 0 0 830 
0 0 0 1 0 0 1 1 0 0 0 1 1 0 0 0 0 0 0 1 1 1 0 1 1 0 0 0 1 1 0 0 0 1 0 1 0 0 725 
1 0 1 0 0 0 1 1 0 1 0 1 1 0 0 0 1 0 0 0 0 1 0 1 0 0 0 0 1 1 1 0 0 0 0 1 0 0 830 
1 0 0 1 0 1 0 0 0 1 0 0 1 0 0 0 1 0 0 0 0 1 0 1 1 0 1 0 0 0 1 0 0 0 0 1 0 0 681 
0 0 0 1 1 0 0 1 1 0 0 1 0 0 0 1 0 0 0 0 1 0 0 0 0 0 0 0 1 0 0 0 0 0 0 1 1 0 -9 
0 0 0 1 1 0 1 0 0 0 1 1 1 1 1 0 1 1 0 1 1 1 0 1 0 1 0 1 1 0 1 1 0 0 0 1 0 0 -34 
1 0 1 1 0 0 1 1 0 1 0 1 1 1 0 0 1 0 0 0 1 0 1 0 1 0 1 1 1 1 0 0 0 0 0 1 1 0 -44 
0 0 0 1 0 0 0 0 1 0 0 1 1 0 0 1 1 0 0 1 1 1 1 1 0 0 0 0 0 1 0 1 0 1 0 1 1 0 -25 
1 0 0 1 0 1 0 1 0 1 0 0 1 0 0 0 1 0 0 1 1 1 0 1 1 0 0 1 1 0 1 1 1 0 1 1 0 1 -62 

GEN 64
FIT_MEAN 374.8
1 0 1 0 0 0 1 1 0 1 0 1 1 0 0 0 1 0 0 0 0 1 0 1 0 0 0 0 1 1 1 0 0 0 0 1 0 0 830 
1 0 1 0 0 0 1 1 0 1 0 1 1 0 0 0 1 0 0 0 0 1 0 1 0 0 0 0 1 1 1 0 0 0 0 1 0 0 830 
1 0 1 0 0 0 1 1 0 1 0 1 1 0 0 0 1 0 0 0 0 1 0 1 0 0 0 0 1 1 1 0 0 0 0 1 0 0 830 
1 0 1 0 0 0 1 1 0 1 0 1 1 0 0 0 1 0 0 0 0 1 0 1 0 0 0 0 1 1 0 0 0 0 0 1 0 0 751 
1 0 0 1 0 1 0 0 0 1 0 0 1 0 0 0 1 0 0 0 0 1 0 1 1 0 1 0 0 0 1 0 0 0 0 1 0 0 681 
0 0 0 1 1 0 0 1 1 0 0 1 0 0 0 1 0 0 0 0 1 0 0 0 0 0 0 0 1 0 0 0 0 0 0 1 1 0 -9 
0 0 0 1 1 0 1 0 0 0 1 1 1 1 1 0 1 1 0 1 1 1 0 1 0 1 0 1 1 0 1 1 0 0 0 1 0 0 -34 
1 0 1 1 0 0 1 1 0 1 0 1 1 1 0 0 1 0 0 0 1 0 1 0 1 0 1 1 1 1 0 0 0 0 0 1 1 0 -44 
0 0 0 1 0 0 0 0 1 0 0 1 1 0 0 1 1 0 0 1 1 1 1 1 0 0 0 0 0 1 0 1 0 1 0 1 1 0 -25 
1 0 0 1 0 1 0 1 0 1 0 0 1 0 0 0 1 0 0 1 1 1 0 1 1 0 0 1 1 0 1 1 1 0 1 1 0 1 -62 

GEN 65
FIT_MEAN 380.4
1 0 1 0 0 0 1 1 0 1 0 1 1 0 0 0 1 0 0 0 0 1 0 1 0 0 0 0 1 1 1 0 0 0 0 1 0 0 830 
1 0 1 0 0 0 1 1 0 1 0 1 1 0 0 0 1 0 0 0 0 1 0 1 0 0 0 0 1 1 1 0 0 0 0 1 0 0 830 
1 0 1 0 0 0 1 1 0 1 0 1 1 0 0 0 1 0 0 0 0 1 0 1 0 0 0 0 1 1 1 0 0 0 0 1 0 0 830 
1 0 1 0 0 0 1 1 0 1 0 1 1 0 0 0 1 0 0 0 0 1 0 1 0 0 0 0 1 1 0 0 0 0 0 1 0 0 751 
1 0 1 1 0 1 0 0 0 1 0 0 1 0 0 0 1 0 0 0 0 1 0 1 1 0 1 0 0 0 1 0 0 0 0 1 0 0 748 
0 0 0 1 1 0 0 1 1 0 0 1 0 0 0 1 0 0 0 0 1 0 0 0 0 0 0 0 1 0 0 0 0 0 0 1 1 0 -9 
0 0 0 1 1 0 1 0 0 0 1 1 1 1 1 1 1 1 0 1 1 1 0 1 0 1 0 1 1 0 1 1 0 0 0 1 0 0 -45 
1 0 1 1 0 0 1 1 0 1 0 1 1 1 0 0 1 0 0 0 1 0 1 0 1 0 1 1 1 1 0 0 0 0 0 1 1 0 -44 
0 0 0 1 0 0 0 0 1 0 0 1 1 0 0 1 1 0 0 1 1 1 1 1 0 0 0 0 0 1 0 1 0 1 0 1 1 0 -25 
1 0 0 1 0 1 0 1 0 1 0 0 1 0 0 0 1 0 0 1 1 1 0 1 1 0 0 1 1 0 1 1 1 0 1 1 0 1 -62 

GEN 66
FIT_MEAN 383.1
1 0 1 0 0 0 1 1 0 1 0 1 1 0 0 0 1 0 0 0 0 1 0 1 0 0 0 0 1 1 1 0 0 0 0 1 0 0 830 
1 0 1 0 0 0 1 1 0 1 0 1 1 0 0 0 1 0 0 0 0 1 0 1 0 0 0 0 1 1 1 0 0 0 0 1 0 0 830 
1 0 1 0 0 0 1 1 0 1 0 1 1 0 0 0 1 0 0 0 0 1 0 1 0 0 0 0 1 1 1 0 0 0 0 1 0 0 830 
1 0 1 0 0 0 1 1 0 1 0 1 1 0 0 0 1 0 0 0 0 1 0 1 0 0 0 0 1 1 1 0 0 0 0 1 0 0 830 
1 0 1 1 0 1 0 0 0 1 0 0 1 0 0 0 1 0 0 0 0 1 0 1 0 0 1 0 0 0 1 0 0 0 0 1 0 0 696 
0 0 0 1 1 0 0 1 1 0 0 1 0 0 0 1 0 0 0 0 1 0 0 0 0 0 0 0 1 0 0 0 0 0 0 1 1 0 -9 
0 0 0 1 1 0 1 0 0 0 1 1 1 1 1 1 1 1 0 1 1 1 0 1 0 1 0 1 1 0 1 1 0 0 0 1 0 0 -45 
1 0 1 1 0 0 1 1 0 1 0 1 1 1 0 0 1 0 0 0 1 0 1 0 1 0 1 1 1 1 0 0 0 0 0 1 1 0 -44 
0 0 0 1 0 0 0 0 1 0 0 1 1 0 0 1 1 0 0 1 1 1 1 1 0 0 0 0 0 1 0 1 0 1 0 1 1 0 -25 
1 0 0 1 0 1 0 1 0 1 0 0 1 0 0 0 1 0 0 1 1 1 0 1 1 0 0 1 1 0 1 1 1 0 1 1 0 1 -62 

GEN 67
FIT_MEAN 384.6
1 0 1 0 0 0 1 1 0 1 0 1 1 0 0 0 1 0 0 0 0 1 0 1 0 0 0 0 1 1 1 0 0 0 0 1 0 0 830 
1 0 1 0 0 0 1 1 0 1 0 1 1 0 0 0 1 0 0 0 0 1 0 1 0 0 0 0 1 1 1 0 0 0 0 1 0 0 830 
1 0 1 0 0 0 1 1 0 1 0 1 1 0 0 0 1 0 0 0 0 1 0 1 0 0 0 0 1 1 1 0 0 0 0 1 0 0 830 
1 0 1 0 0 0 1 1 0 1 0 1 1 0 0 0 1 0 0 0 0 1 0 1 0 0 0 0 1 1 1 0 0 0 0 1 0 0 830 
1 0 1 1 0 1 0 0 0 1 0 0 1 0 0 0 1 0 0 0 0 1 0 1 0 0 1 0 1 0 1 0 0 0 0 1 0 0 700 
0 0 0 1 1 0 0 1 1 0 0 1 0 0 0 1 0 0 0 0 1 0 0 0 0 0 0 0 1 0 0 0 0 0 0 1 1 0 -9 
0 0 0 1 1 0 1 0 0 0 1 1 1 1 1 1 1 1 0 1 1 1 0 1 0 1 0 1 1 0 1 1 0 0 0 1 0 0 -45 
1 0 1 1 0 0 1 1 0 1 0 1 1 1 0 0 1 0 0 0 1 0 1 0 1 0 1 1 1 1 0 0 0 0 0 0 1 0 -33 
0 0 0 1 0 0 0 0 1 0 0 1 1 0 0 1 1 0 0 1 1 1 1 1 0 0 0 0 0 1 0 1 0 1 0 1 1 0 -25 
1 0 0 1 0 1 0 1 0 1 0 0 1 0 0 0 1 0 0 1 1 1 0 1 1 0 0 1 1 0 1 1 1 0 1 1 0 1 -62 

GEN 68
FIT_MEAN 300.8
1 0 1 0 0 0 1 1 0 1 0 1 1 0 0 0 1 0 0 0 0 1 0 1 0 0 0 0 1 1 1 0 0 0 0 1 0 0 830 
1 0 1 0 0 0 1 1 0 1 0 1 1 0 0 0 1 0 0 0 0 1 0 1 0 0 0 0 1 1 1 0 0 0 0 1 0 0 830 
1 0 1 0 0 0 1 1 0 1 0 1 1 0 0 0 1 0 0 0 0 1 0 1 0 0 0 0 1 1 1 0 0 0 0 1 0 0 830 
1 0 1 0 0 0 1 1 0 1 0 1 1 0 0 0 1 0 1 0 0 1 0 1 0 0 0 0 1 1 1 0 0 0 0 1 0 0 -8 
1 0 1 1 0 1 0 0 0 1 0 0 1 0 0 0 1 0 0 0 0 1 0 1 0 0 1 0 1 0 1 0 0 0 0 1 0 0 700 
0 0 0 1 1 0 1 1 1 0 0 1 0 0 0 1 0 0 0 0 1 0 0 0 0 0 0 0 1 0 0 0 0 0 0 1 1 0 -15 
0 0 0 1 1 0 1 0 0 0 1 1 1 1 1 1 1 1 0 1 1 1 0 1 0 1 0 1 1 0 1 1 0 0 0 1 0 0 -45 
1 0 1 1 0 0 0 1 0 1 0 1 1 1 0 0 1 0 0 0 1 0 1 0 1 0 1 1 1 1 0 0 0 0 0 0 1 0 -27 
0 0 0 1 0 0 0 0 1 0 0 1 1 0 0 1 1 0 0 1 1 1 1 1 0 0 0 0 0 1 0 1 0 1 0 1 1 0 -25 
1 0 0 1 0 1 0 1 0 1 0 0 1 0 0 0 1 0 0 1 1 1 0 1 1 0 0 1 1 0 1 1 1 0 1 1 0 1 -62 

GEN 69
FIT_MEAN 377.1
1 0 1 0 0 0 1 1 0 1 0 1 1 0 0 0 1 0 0 0 0 1 0 1 0 0 0 0 1 1 1 0 0 0 0 1 0 0 830 
1 0 1 0 0 0 1 1 0 1 0 1 1 0 0 0 1 0 0 0 0 1 0 1 0 0 0 0 1 1 1 0 0 0 0 1 0 0 830 
1 0 1 0 0 0 1 1 0 1 0 1 1 0 0 0 1 0 0 0 0 1 0 1 0 0 0 0 1 1 1 0 0 0 0 1 0 0 830 
1 0 1 0 0 0 1 1 0 1 0 1 1 0 0 0 1 0 1 0 0 1 0 1 0 0 0 0 1 1 1 0 0 0 0 0 0 0 807 
0 0 1 1 0 1 0 0 0 1 0 0 1 0 0 0 1 0 0 0 0 1 0 1 0 0 1 0 1 0 1 0 0 0 0 1 0 0 648 
0 0 0 1 1 0 1 1 1 0 0 1 0 0 0 1 0 0 0 0 1 0 0 0 0 0 0 0 1 0 0 0 0 0 0 1 1 0 -15 
0 0 0 1 1 0 1 0 0 0 1 1 1 1 1 1 1 1 0 1 1 1 0 1 0 1 0 1 1 0 1 1 0 0 0 1 0 0 -45 
1 0 1 1 0 0 0 1 0 1 0 1 1 1 0 0 1 0 0 0 1 0 1 0 1 0 1 1 1 1 0 0 0 0 0 0 1 0 -27 
0 0 0 1 0 0 0 0 1 0 0 1 1 0 0 1 1 0 0 1 1 1 1 1 0 0 0 0 0 1 0 1 0 1 0 1 1 0 -25 
1 0 0 1 0 1 0 1 0 1 0 0 1 0 0 0 1 0 0 1 1 1 0 1 1 0 0 1 1 0 1 1 1 0 1 1 0 1 -62 

GEN 70
FIT_MEAN 380.3
1 0 1 0 0 0 1 1 0 1 0 1 1 0 0 0 1 0 0 0 0 1 0 1 0 0 0 0 1 1 1 0 0 0 0 1 0 0 830 
1 0 1 0 0 0 1 1 0 1 0 1 1 0 0 0 1 0 0 0 0 1 0 1 0 0 0 0 1 1 1 0 0 0 0 1 0 0 830 
1 0 1 0 0 0 1 1 0 1 0 1 1 0 0 0 1 0 0 0 0 1 0 1 0 0 0 0 1 1 1 0 0 0 0 1 0 0 830 
1 0 1 0 0 0 1 1 0 1 0 1 1 0 0 0 1 0 1 0 0 1 0 1 0 0 0 0 1 1 1 0 0 0 0 0 0 0 807 
0 0 1 1 0 1 0 0 0 1 0 0 1 0 0 0 1 0 0 0 0 1 0 1 0 0 1 0 1 0 1 0 0 0 0 1 0 0 648 
0 0 0 1 1 0 1 1 1 0 0 1 0 0 0 0 0 0 0 0 1 0 0 0 0 0 0 0 1 0 0 0 0 0 0 1 1 0 -4 
0 0 0 1 1 0 1 0 0 0 1 1 1 1 1 1 1 1 0 1 1 1 0 1 0 1 0 0 1 0 1 1 0 0 0 1 0 0 -34 
1 0 1 1 0 0 0 1 0 1 0 1 1 1 0 0 1 0 0 0 1 0 1 0 1 0 1 1 1 1 0 0 0 0 0 0 0 0 -17 
0 0 0 1 0 0 0 0 1 0 0 1 1 0 0 1 1 0 0 1 1 1 1 1 0 0 0 0 0 1 0 1 0 1 0 1 1 0 -25 
1 0 0 1 0 1 0 1 0 1 0 0 1 0 0 0 1 0 0 1 1 1 0 1 1 0 0 1 1 0 1 1 1 0 1 1 0 1 -62 

GEN 71
FIT_MEAN 379.9
1 0 1 0 0 0 1 1 0 1 0 1 1 0 0 0 1 0 0 0 0 1 0 1 0 0 0 0 1 1 1 0 0 0 0 1 0 0 830 
1 0 1 0 0 0 1 1 0 1 0 1 1 0 0 0 1 0 0 0 0 1 0 1 0 0 0 0 1 1 1 0 0 0 0 1 0 0 830 
1 0 1 0 0 0 1 1 0 1 0 1 1 0 0 0 1 0 0 0 0 1 0 1 0 0 0 0 1 1 1 0 0 0 0 1 0 0 830 
1 0 1 0 0 0 1 1 0 1 0 1 1 0 0 0 1 0 1 0 0 1 0 1 0 0 0 0 1 1 1 0 0 0 0 0 0 0 807 
0 0 1 1 0 1 0 0 0 1 0 0 1 0 0 0 1 0 0 0 0 1 0 1 0 0 1 0 1 0 1 0 0 0 0 1 0 0 648 
0 0 0 1 1 0 1 1 1 0 0 1 1 0 0 0 0 0 0 0 1 0 0 0 0 0 0 0 1 0 0 0 0 0 0 1 1 0 -7 
0 0 0 1 1 0 1 0 0 0 1 1 1 1 1 1 1 1 0 1 1 1 0 1 0 1 0 0 1 1 1 1 0 0 0 1 0 0 -35 
1 0 1 1 0 0 0 1 0 1 0 1 1 1 0 0 1 0 0 0 1 0 1 0 1 0 1 1 1 1 0 0 0 0 0 0 0 0 -17 
0 0 0 1 0 0 0 0 1 0 0 1 1 0 0 1 1 0 0 1 1 1 1 1 0 0 0 0 0 1 0 1 0 1 0 1 1 0 -25 
1 0 0 1 0 1 0 1 0 1 0 0 1 0 0 0 1 0 0 1 1 1 0 1 1 0 0 1 1 0 1 1 1 0 1 1 0 1 -62 

GEN 72
FIT_MEAN 380.7
1 0 1 0 0 0 1 1 0 1 0 1 1 0 0 0 1 0 0 0 0 1 0 1 0 0 0 0 1 1 1 0 0 0 0 1 0 0 830 
1 0 1 0 0 0 1 1 0 1 0 1 1 0 0 0 1 0 0 0 0 1 0 1 0 0 0 0 1 1 1 0 0 0 0 1 0 0 830 
1 0 1 0 0 0 1 1 0 1 0 1 1 0 0 0 1 0 0 0 0 1 0 1 0 0 0 0 1 1 1 0 0 0 0 1 0 0 830 
1 0 1 0 0 0 1 1 0 1 0 1 1 0 0 0 1 0 1 0 0 1 0 1 0 0 0 0 1 1 1 0 0 0 0 0 0 0 807 
0 0 1 1 0 1 0 0 0 1 0 0 1 0 0 0 1 0 0 0 0 1 0 1 0 0 1 0 1 0 1 0 0 0 0 1 0 0 648 
0 0 0 1 1 0 1 1 1 0 0 1 1 0 0 0 0 0 0 0 1 0 0 0 0 0 0 0 1 0 0 0 0 0 0 1 1 0 -7 
0 0 0 1 1 0 1 0 0 0 1 1 1 1 1 1 1 1 0 1 1 1 0 1 0 1 0 0 0 1 1 1 0 0 0 1 0 0 -30 
1 0 1 1 0 0 0 1 0 1 0 1 0 1 0 0 1 0 0 0 1 0 1 0 1 0 1 1 1 1 0 0 0 0 0 0 0 0 -14 
0 0 0 1 0 0 0 0 1 0 0 1 1 0 0 1 1 0 0 1 1 1 1 1 0 0 0 0 0 1 0 1 0 1 0 1 1 0 -25 
1 0 0 1 0 1 0 1 0 1 0 0 1 0 0 0 1 0 0 1 1 1 0 1 1 0 0 1 1 0 1 1 1 0 1 1 0 1 -62 

GEN 73
FIT_MEAN 299.3
1 0 1 0 0 0 1 1 0 1 0 1 1 0 0 0 1 0 0 0 0 1 0 1 0 0 0 0 1 1 1 0 0 0 0 1 0 0 830 
1 0 1 0 0 0 1 1 0 1 0 1 1 0 0 0 1 0 0 0 0 1 0 1 0 0 0 0 1 1 1 0 0 0 0 1 0 0 830 
1 0 1 0 0 0 1 1 0 1 0 1 1 0 0 0 1 0 0 0 0 1 0 1 0 0 0 0 1 1 1 0 0 0 0 1 0 0 830 
1 0 1 0 0 0 1 1 0 1 0 1 1 0 0 0 1 1 1 0 0 1 0 1 0 0 0 0 1 1 1 0 0 0 0 0 0 0 -2 
0 0 1 1 0 1 0 0 0 1 0 0 1 0 0 0 1 0 0 0 0 1 0 1 0 0 1 0 1 0 1 0 0 0 0 1 0 0 648 
0 0 0 1 1 0 1 1 1 0 0 1 1 0 0 0 0 0 0 0 1 0 0 0 0 0 0 0 1 0 0 0 0 0 0 1 1 0 -7 
0 0 0 1 1 0 1 0 0 0 1 1 1 1 1 1 1 1 0 1 1 1 0 1 0 1 0 0 0 1 1 1 0 0 0 1 0 0 -30 
1 0 1 1 0 0 0 1 0 1 0 1 0 1 0 0 1 0 0 0 1 0 1 0 1 0 1 1 1 1 0 0 0 0 0 0 0 0 -14 
0 0 0 1 0 0 0 0 1 0 0 1 1 0 0 1 1 1 0 1 1 1 1 1 0 0 0 0 0 1 0 1 0 1 0 1 1 0 -30 
1 0 0 1 0 1 0 1 0 1 0 0 1 0 0 0 1 0 0 1 1 1 0 1 1 0 0 1 1 0 1 1 1 0 1 1 0 1 -62 

GEN 74
FIT_MEAN 344.4
1 0 1 0 0 0 1 1 0 1 0 1 1 0 0 0 1 0 0 0 0 1 0 1 0 0 0 0 1 1 1 0 0 0 0 1 0 0 830 
1 0 1 0 0 0 1 1 0 1 0 1 1 0 0 0 1 0 0 0 0 1 0 1 0 0 0 0 1 1 1 0 0 0 0 1 0 0 830 
1 0 1 0 0 0 1 1 0 1 0 1 1 0 0 0 1 0 0 0 0 1 0 1 0 0 0 0 1 1 1 0 0 0 0 1 0 0 830 
1 0 1 0 0 0 1 1 0 1 0 1 1 0 0 0 1 1 1 0 0 1 0 1 0 0 0 0 1 1 1 0 0 0 0 0 0 0 -2 
0 0 1 1 0 1 0 0 0 1 0 0 1 0 0 0 1 0 0 0 0 1 0 1 0 0 1 0 1 0 1 0 0 0 0 0 0 0 623 
0 0 0 1 0 0 1 1 1 0 0 1 1 0 0 0 0 0 0 0 1 0 0 0 0 0 0 0 1 0 0 0 0 0 0 1 1 0 469 
0 0 0 1 1 0 1 0 0 0 1 1 1 1 1 1 1 1 0 1 1 1 0 1 0 1 0 0 0 1 1 1 0 0 0 1 0 0 -30 
1 0 1 1 0 0 0 1 0 1 0 1 0 1 0 0 1 0 0 0 1 0 1 0 1 0 1 1 1 1 0 0 0 0 0 0 0 0 -14 
0 0 0 1 0 0 0 0 1 0 0 1 1 0 0 1 1 1 0 1 1 1 1 1 0 0 0 0 0 1 0 1 0 1 0 1 1 0 -30 
1 0 0 1 0 1 0 1 0 1 0 0 1 0 0 0 1 0 0 1 1 1 0 1 1 0 0 1 1 0 1 1 1 0 1 1 0 1 -62 

GEN 75
FIT_MEAN 343.1
1 0 1 0 0 0 1 1 0 1 0 1 1 0 0 0 1 0 0 0 0 1 0 1 0 0 0 0 1 1 1 0 0 0 0 1 0 0 830 
1 0 1 0 0 0 1 1 0 1 0 1 1 0 0 0 1 0 0 0 0 1 0 1 0 0 0 0 1 1 1 0 0 0 0 1 0 0 830 
1 0 1 0 0 0 1 1 0 1 0 1 1 0 0 0 1 0 0 0 0 1 0 1 0 0 0 0 1 1 1 0 0 0 0 1 0 0 830 
1 0 1 0 0 0 1 1 0 1 0 1 1 1 0 0 1 1 1 0 0 1 0 1 0 0 0 0 1 1 1 0 0 0 0 0 0 0 -7 
0 0 1 1 0 1 0 0 0 1 0 0 1 0 0 0 1 0 0 0 0 1 0 1 0 0 1 0 1 0 1 0 0 0 0 0 0 0 623 
0 0 0 1 0 0 1 1 1 0 0 1 1 0 0 0 0 0 0 0 1 0 0 0 0 0 0 0 1 0 0 0 0 0 0 1 1 0 469 
0 0 0 1 1 0 1 0 0 0 1 1 1 1 1 1 1 1 0 1 1 1 1 1 0 1 0 0 0 1 1 1 0 0 0 1 0 0 -33 
1 0 1 1 0 0 0 1 0 1 0 1 0 1 0 0 1 0 0 0 1 0 1 0 1 0 1 1 1 1 0 0 0 0 0 0 0 0 -14 
0 0 0 1 0 0 0 0 1 0 0 1 1 0 0 1 1 1 0 1 1 1 1 1 0 0 0 0 0 1 0 1 0 1 0 1 1 0 -30 
1 0 0 1 0 1 0 1 0 1 1 0 1 0 0 0 1 0 0 1 1 1 0 1 1 0 0 1 1 0 1 1 1 0 1 1 0 1 -67 

GEN 76
FIT_MEAN 344.4
1 0 1 0 0 0 1 1 0 1 0 1 1 0 0 0 1 0 0 0 0 1 0 1 0 0 0 0 1 1 1 0 0 0 0 1 0 0 830 
1 0 1 0 0 0 1 1 0 1 0 1 1 0 0 0 1 0 0 0 0 1 0 1 0 0 0 0 1 1 1 0 0 0 0 1 0 0 830 
1 0 1 0 0 0 1 1 0 1 0 1 1 0 0 0 1 0 0 0 0 1 0 1 0 0 0 0 1 1 1 0 0 0 0 1 0 0 830 
1 0 1 0 0 0 1 1 0 1 0 1 1 1 0 0 1 1 1 0 0 1 0 1 0 0 0 0 1 1 1 0 1 0 0 0 0 0 -8 
0 0 1 1 0 1 0 0 0 1 0 0 1 0 0 0 1 0 0 0 0 1 0 1 0 0 1 0 1 0 1 0 0 0 0 0 0 0 623 
0 0 0 1 0 0 1 1 1 0 0 1 1 0 0 0 0 0 0 0 1 0 0 0 0 0 0 0 1 0 0 0 0 0 0 1 1 0 469 
0 0 0 1 1 0 1 0 0 0 1 1 1 1 1 1 1 1 0 1 1 1 1 1 0 0 0 0 0 1 1 1 0 0 0 1 0 0 -30 
1 0 1 1 0 0 0 1 0 1 0 1 0 1 0 0 1 0 0 0 1 0 1 0 1 0 1 1 1 1 0 0 0 0 0 0 0 0 -14 
0 0 0 1 0 0 0 0 1 0 0 1 1 0 0 1 1 1 0 1 1 1 1 1 0 0 0 0 0 1 0 1 0 1 0 0 1 0 -19 
1 0 0 1 0 1 0 1 0 1 1 0 1 0 0 0 1 0 0 1 1 1 0 1 1 0 0 1 1 0 1 1 1 0 1 1 0 1 -67 

GEN 77
FIT_MEAN 425.6
1 0 1 0 0 0 1 1 0 1 0 1 1 0 0 0 1 0 0 0 0 1 0 1 0 0 0 0 1 1 1 0 0 0 0 1 0 0 830 
1 0 1 0 0 0 1 1 0 1 0 1 1 0 0 0 1 0 0 0 0 1 0 1 0 0 0 0 1 1 1 0 0 0 0 1 0 0 830 
1 0 1 0 0 0 1 1 0 1 0 1 1 0 0 0 1 0 0 0 0 1 0 1 0 0 0 0 1 1 1 0 0 0 0 1 0 0 830 
0 0 1 0 0 0 1 1 0 1 0 1 1 1 0 0 1 1 1 0 0 1 0 1 0 0 0 0 1 1 1 0 1 0 0 0 0 0 876 
0 0 1 1 0 1 0 0 0 1 0 0 1 0 0 0 1 0 0 0 0 1 0 1 0 0 1 0 1 0 1 0 0 0 0 0 0 0 623 
0 0 0 1 0 0 1 0 1 0 0 1 1 0 0 0 0 0 0 0 1 0 0 0 0 0 0 0 1 0 0 0 0 0 0 1 1 0 394 
0 0 0 1 1 0 1 0 0 0 1 1 0 1 1 1 1 1 0 1 1 1 1 1 0 0 0 0 0 1 1 1 0 0 0 1 0 0 -27 
1 0 1 1 0 0 0 1 0 1 0 1 0 1 0 0 1 0 0 0 1 0 1 0 1 0 1 1 1 1 0 0 0 0 0 0 0 0 -14 
0 0 0 1 0 0 0 0 1 0 0 1 1 0 0 1 1 1 0 1 1 1 1 1 0 0 0 0 0 1 0 1 0 1 0 0 1 0 -19 
1 0 0 1 0 1 0 1 0 1 1 0 1 0 0 0 1 0 0 1 1 1 0 1 1 0 0 1 1 0 1 1 1 0 1 1 0 1 -67 

GEN 78
FIT_MEAN 433.8
0 0 1 0 0 0 1 1 0 1 0 1 1 1 0 0 1 1 1 0 0 1 0 1 0 0 0 0 1 1 1 0 1 0 0 0 0 0 876 
1 0 1 0 0 0 1 1 0 1 0 1 1 0 0 0 1 0 0 0 0 1 0 1 0 0 0 0 1 1 1 0 0 0 0 1 0 0 830 
1 0 1 0 0 0 1 1 0 1 0 1 1 0 0 0 1 0 0 0 0 1 0 1 0 0 0 0 1 1 1 0 0 0 0 1 0 0 830 
0 0 1 0 0 0 1 1 0 1 0 1 1 1 0 0 1 1 1 0 0 1 0 1 0 0 0 0 1 1 1 0 1 0 0 0 0 0 876 
0 0 1 1 0 1 0 0 0 1 0 1 1 0 0 0 1 0 0 0 0 1 0 1 0 0 1 0 1 0 1 0 0 0 0 0 0 0 664 
0 0 0 1 0 0 1 0 1 0 0 1 1 0 0 0 0 0 0 0 1 0 0 0 0 0 0 0 1 0 0 0 0 0 0 1 1 0 394 
0 0 0 0 1 0 1 0 0 0 1 1 0 1 1 1 1 1 0 1 1 1 1 1 0 0 0 0 0 1 1 1 0 0 0 1 0 0 -15 
1 0 1 1 0 0 0 1 0 1 0 1 0 1 0 0 1 0 0 0 1 0 1 0 1 0 1 1 1 1 0 1 0 0 0 0 0 0 -22 
0 0 0 1 0 0 0 0 1 0 0 1 1 0 0 1 1 1 0 1 1 1 1 1 0 0 0 0 0 1 0 1 0 1 0 0 1 0 -19 
1 1 0 1 0 1 0 1 0 1 1 0 1 0 0 0 1 0 0 1 1 1 0 1 1 0 0 1 1 0 1 1 1 0 1 1 0 1 -76 

GEN 79
FIT_MEAN 438.4
0 0 1 0 0 0 1 1 0 1 0 1 1 1 0 0 1 1 1 0 0 1 0 1 0 0 0 0 1 1 1 0 1 0 0 0 0 0 876 
0 0 1 0 0 0 1 1 0 1 0 1 1 1 0 0 1 1 1 0 0 1 0 1 0 0 0 0 1 1 1 0 1 0 0 0 0 0 876 
1 0 1 0 0 0 1 1 0 1 0 1 1 0 0 0 1 0 0 0 0 1 0 1 0 0 0 0 1 1 1 0 0 0 0 1 0 0 830 
0 0 1 0 0 0 1 1 0 1 0 1 1 1 0 0 1 1 1 0 0 1 0 1 0 0 0 0 1 1 1 0 1 0 0 0 0 0 876 
0 0 1 1 0 1 0 0 0 1 0 1 1 0 0 0 1 0 0 0 0 1 0 1 0 0 1 0 1 0 1 0 0 0 0 0 0 0 664 
0 0 0 1 0 0 1 0 1 0 0 1 1 0 0 0 0 0 0 0 1 0 0 0 0 0 0 0 1 0 0 0 0 0 0 1 1 0 394 
0 0 0 0 1 0 1 0 0 0 1 1 0 1 1 1 1 1 0 1 1 1 1 1 0 0 0 0 0 1 1 1 0 0 0 1 0 0 -15 
1 0 1 1 0 0 0 1 0 1 0 1 0 1 0 0 1 0 0 0 1 0 1 0 1 0 1 1 1 1 0 1 0 0 0 0 0 0 -22 
0 0 0 1 0 0 0 0 1 0 0 1 1 0 0 1 1 1 0 1 1 1 1 1 0 0 0 0 0 1 0 1 0 1 0 0 1 0 -19 
1 1 0 1 0 1 0 1 0 1 1 0 1 0 0 0 1 0 0 1 1 1 0 1 1 0 0 1 1 0 1 1 1 0 1 1 0 1 -76 

GEN 80
FIT_MEAN 443
0 0 1 0 0 0 1 1 0 1 0 1 1 1 0 0 1 1 1 0 0 1 0 1 0 0 0 0 1 1 1 0 1 0 0 0 0 0 876 
0 0 1 0 0 0 1 1 0 1 0 1 1 1 0 0 1 1 1 0 0 1 0 1 0 0 0 0 1 1 1 0 1 0 0 0 0 0 876 
0 0 1 0 0 0 1 1 0 1 0 1 1 1 0 0 1 1 1 0 0 1 0 1 0 0 0 0 1 1 1 0 1 0 0 0 0 0 876 
0 0 1 0 0 0 1 1 0 1 0 1 1 1 0 0 1 1 1 0 0 1 0 1 0 0 0 0 1 1 1 0 1 0 0 0 0 0 876 
0 0 1 1 0 1 0 0 0 1 0 1 1 0 0 0 1 0 0 0 0 1 0 1 0 0 1 0 1 0 1 0 0 0 0 0 0 0 664 
0 0 0 1 0 0 1 0 1 0 0 1 1 0 0 0 0 0 0 0 1 0 0 0 0 0 0 0 1 0 0 0 0 0 0 1 1 0 394 
0 0 0 0 1 0 1 0 0 0 1 1 0 1 1 1 1 1 0 1 1 1 1 1 0 0 0 0 0 1 1 1 0 0 0 1 0 0 -15 
1 0 1 1 0 0 0 1 0 1 0 1 0 1 0 0 1 0 0 0 1 0 1 0 1 0 1 1 1 1 0 1 0 0 0 0 0 0 -22 
0 0 0 1 0 0 0 0 1 0 0 1 1 0 0 1 1 1 0 1 1 1 1 1 0 0 0 0 0 1 0 1 0 1 0 0 1 0 -19 
1 1 0 1 0 1 0 1 0 1 1 0 1 0 0 0 1 0 0 1 1 1 0 1 1 0 0 1 1 0 1 1 1 0 1 1 0 1 -76 

GEN 81
FIT_MEAN 441.6
0 0 1 0 0 0 1 1 0 1 0 1 1 1 0 0 1 1 1 0 0 1 0 1 0 0 0 0 1 1 1 0 1 0 0 0 0 0 876 
0 0 1 0 0 0 1 1 0 1 0 1 1 1 0 0 1 1 1 0 0 1 0 1 0 0 0 0 1 1 1 0 1 0 0 0 0 0 876 
0 0 1 0 0 0 1 1 0 1 0 1 1 1 0 0 1 1 1 0 0 1 0 1 0 0 0 0 1 1 1 0 1 0 0 0 0 0 876 
0 0 1 0 0 0 1 1 0 1 0 1 1 1 0 0 1 1 0 0 0 1 0 1 0 0 0 0 1 1 1 0 1 0 0 0 0 0 874 
0 0 1 1 0 1 0 0 0 1 0 1 1 0 0 0 1 0 0 0 0 1 0 1 0 0 1 0 1 0 1 0 0 0 0 0 0 0 664 
0 0 0 1 0 0 1 0 1 0 0 1 1 0 0 0 0 0 0 0 1 0 0 0 0 0 0 0 1 0 0 0 0 0 0 1 1 0 394 
0 0 0 0 1 0 1 0 0 0 1 1 0 1 1 1 1 1 0 1 1 1 1 1 0 0 0 0 0 1 1 1 0 0 0 1 0 0 -15 
1 0 1 1 0 0 0 1 0 1 0 1 0 1 0 0 1 0 0 0 1 0 1 0 1 0 1 1 1 1 0 1 0 0 0 0 0 0 -22 
0 0 0 1 0 1 0 0 1 0 0 1 1 0 0 1 1 1 0 1 1 1 1 1 0 0 0 0 0 1 0 1 0 1 0 0 1 0 -31 
1 1 0 1 0 1 0 1 0 1 1 0 1 0 0 0 1 0 0 1 1 1 0 1 1 0 0 1 1 0 1 1 1 0 1 1 0 1 -76 

GEN 82
FIT_MEAN 439.1
0 0 1 0 0 0 1 1 0 1 0 1 1 1 0 0 1 1 1 0 0 1 0 1 0 0 0 0 1 1 1 0 1 0 0 0 0 0 876 
0 0 1 0 0 0 1 1 0 1 0 1 1 1 0 0 1 1 1 0 0 1 0 1 0 0 0 0 1 1 1 0 1 0 0 0 0 0 876 
0 0 1 0 0 0 1 1 0 1 0 1 1 1 0 0 1 1 1 0 0 1 0 1 0 0 0 0 1 1 1 0 1 0 0 0 0 0 876 
0 0 1 0 0 0 1 1 0 1 0 1 1 1 0 0 1 1 0 0 0 0 0 1 0 0 0 0 1 1 1 0 1 0 0 0 0 0 789 
0 0 1 1 0 1 0 0 0 1 0 1 1 1 0 0 1 0 0 0 0 1 0 1 0 0 1 0 1 0 1 0 0 0 0 0 0 0 686 
0 0 0 1 0 1 1 0 1 0 0 1 1 0 0 0 0 0 0 0 1 0 0 0 0 0 0 0 1 0 0 0 0 0 0 1 1 0 432 
0 0 0 0 1 0 1 0 0 0 1 1 0 1 1 1 1 1 0 1 1 1 1 1 0 0 0 0 0 1 1 1 0 0 0 1 0 0 -15 
1 0 1 1 0 0 0 1 0 1 0 1 0 1 0 0 1 0 0 0 1 0 1 0 1 0 1 1 1 1 0 1 0 0 0 0 0 0 -22 
0 0 0 1 0 1 0 0 1 0 0 1 1 0 0 1 1 1 0 1 1 1 1 1 0 0 0 0 0 1 0 1 0 1 0 0 1 0 -31 
1 1 0 1 0 1 0 1 0 1 1 0 1 0 0 0 1 0 0 1 1 1 0 1 1 0 0 1 1 0 1 1 1 0 1 1 0 1 -76 

GEN 83
FIT_MEAN 440.9
0 0 1 0 0 0 1 1 0 1 0 1 1 1 0 0 1 1 1 0 0 1 0 1 0 0 0 0 1 1 1 0 1 0 0 0 0 0 876 
0 0 1 0 0 0 1 1 0 1 0 1 1 1 0 0 1 1 1 0 0 1 0 1 0 0 0 0 1 1 1 0 1 0 0 0 0 0 876 
0 0 1 0 0 0 1 1 0 1 0 1 1 1 0 0 1 1 1 0 0 1 0 1 0 0 0 0 1 1 1 0 1 0 0 0 0 0 876 
0 0 1 0 0 0 1 1 0 1 0 1 1 1 0 0 1 1 0 0 0 0 0 1 0 0 0 0 1 1 1 0 1 0 0 0 0 0 789 
0 0 1 1 0 1 0 0 0 1 0 1 1 1 0 0 1 0 0 0 0 1 0 1 0 0 1 0 1 1 1 0 0 0 0 0 0 0 747 
0 0 0 1 0 1 0 0 1 0 0 1 1 0 0 0 0 0 0 0 1 0 0 0 0 0 0 0 1 0 0 0 0 0 0 1 1 0 394 
0 0 0 0 1 0 1 0 0 0 1 1 0 1 1 1 1 1 0 1 1 1 1 1 0 0 0 0 0 1 1 1 0 0 0 1 0 0 -15 
1 0 1 1 0 0 0 1 0 1 0 1 0 1 0 0 1 0 0 0 1 0 1 0 1 0 1 1 1 1 0 1 0 0 1 0 0 0 -36 
0 0 0 1 0 1 0 0 1 0 0 1 1 0 0 1 1 1 0 1 1 1 1 1 0 0 0 0 0 1 0 1 0 1 0 0 1 0 -31 
1 0 0 1 0 1 0 1 0 1 1 0 1 0 0 0 1 0 0 1 1 1 0 1 1 0 0 1 1 0 1 1 1 0 1 1 0 1 -67 

GEN 84
FIT_MEAN 439.9
0 0 1 0 0 0 1 1 0 1 0 1 1 1 0 0 1 1 1 0 0 1 0 1 0 0 0 0 1 1 1 0 1 0 0 0 0 0 876 
0 0 1 0 0 0 1 1 0 1 0 1 1 1 0 0 1 1 1 0 0 1 0 1 0 0 0 0 1 1 1 0 1 0 0 0 0 0 876 
0 0 1 0 0 0 1 1 0 1 0 1 1 1 0 0 1 1 1 0 0 1 0 1 0 0 0 0 1 1 1 0 1 0 0 0 0 0 876 
0 0 1 0 0 0 1 1 0 1 0 1 1 1 0 0 1 1 0 0 0 0 0 1 0 0 0 0 1 1 1 0 1 0 0 0 0 0 789 
0 0 1 1 0 1 0 0 0 1 0 1 1 1 0 0 1 0 0 0 0 1 0 1 0 0 1 0 1 1 1 0 0 0 0 0 0 0 747 
0 0 0 1 0 1 0 0 1 0 0 1 1 0 0 0 0 0 0 0 1 0 0 0 0 0 0 0 1 0 0 0 0 0 0 1 1 0 394 
0 0 0 0 1 0 1 0 0 0 1 1 0 1 1 1 1 1 0 1 1 1 1 1 0 0 0 0 0 1 1 1 0 0 0 1 0 0 -15 
1 0 1 1 0 0 0 1 0 1 0 1 0 1 0 0 1 0 0 0 1 0 1 0 1 0 1 1 1 1 0 1 0 0 1 0 0 0 -36 
0 0 0 1 0 1 0 0 1 0 0 1 1 0 0 1 1 1 0 1 1 1 1 1 0 0 0 0 0 1 0 1 0 1 0 0 1 0 -31 
1 0 0 1 0 1 0 1 0 1 1 0 1 0 0 0 1 0 1 1 1 1 0 1 1 0 0 1 1 0 1 1 1 0 1 1 0 1 -77 

GEN 85
FIT_MEAN 447.7
0 0 1 0 0 0 1 1 0 1 0 1 1 1 0 0 1 1 1 0 0 1 0 1 0 0 0 0 1 1 1 0 1 0 0 0 0 0 876 
0 0 1 0 0 0 1 1 0 1 0 1 1 1 0 0 1 1 1 0 0 1 0 1 0 0 0 0 1 1 1 0 1 0 0 0 0 0 876 
0 0 1 0 0 0 1 1 0 1 0 1 1 1 0 0 1 1 1 0 0 1 0 1 0 0 0 0 1 1 1 0 1 0 0 0 0 0 876 
0 0 1 0 0 0 1 1 0 1 0 1 1 1 0 0 1 1 0 0 0 0 0 1 0 0 0 0 1 1 1 0 1 0 0 0 0 0 789 
0 0 1 1 0 1 0 0 0 1 0 1 1 1 0 0 1 0 0 0 0 1 0 1 0 0 1 0 1 1 1 0 0 0 0 0 0 0 747 
0 0 1 1 0 1 0 0 1 0 0 1 1 0 0 0 0 0 0 0 1 0 0 0 0 0 0 0 1 0 0 0 0 0 0 1 1 0 461 
0 0 0 0 1 0 1 0 0 0 1 1 0 1 1 1 1 1 0 1 1 1 1 1 0 0 0 0 0 1 1 1 0 0 0 0 0 0 -4 
1 0 1 1 0 0 0 1 0 1 0 1 0 1 0 0 1 0 0 0 1 0 1 0 1 0 1 1 1 1 0 1 0 0 1 0 0 0 -36 
0 0 0 1 0 1 0 0 1 0 0 1 1 0 0 1 1 1 0 1 1 1 1 1 0 0 0 0 0 1 0 1 0 1 0 0 1 0 -31 
1 0 0 1 0 1 0 1 0 1 1 0 1 0 0 0 1 0 1 1 1 1 0 1 1 0 0 1 1 0 1 1 1 0 1 1 0 1 -77 

GEN 86
FIT_MEAN 436.8
0 0 1 0 0 0 1 1 0 1 0 1 1 1 0 0 1 1 1 0 0 1 0 1 0 0 0 0 1 1 1 0 1 0 0 0 0 0 876 
0 0 1 0 0 0 1 1 0 1 0 1 1 1 0 0 1 1 1 0 0 1 0 1 0 0 0 0 1 1 1 0 1 0 0 0 0 0 876 
0 0 1 0 0 0 1 1 0 1 0 1 1 1 0 0 1 1 1 0 0 1 0 1 0 0 0 0 1 1 1 0 1 0 0 0 0 0 876 
0 0 1 0 0 0 1 1 0 1 0 1 1 1 0 0 1 1 0 0 0 0 0 1 0 0 0 0 1 1 1 0 0 0 0 0 0 0 725 
0 0 1 1 0 1 0 0 0 1 0 1 1 1 0 0 0 0 0 0 0 1 0 1 0 0 1 0 1 1 1 0 0 0 0 0 0 0 701 
0 0 1 1 0 1 0 0 1 0 0 1 1 0 0 0 0 0 0 0 1 0 0 0 0 0 0 0 1 0 0 0 0 0 0 1 1 0 461 
0 0 0 0 1 0 1 0 0 0 1 1 0 1 1 1 1 1 0 1 1 1 1 1 0 0 0 0 0 1 1 1 0 0 0 0 0 0 -4 
1 0 1 1 0 0 0 1 0 1 0 1 0 1 0 0 1 0 0 0 1 0 1 0 1 0 1 1 1 1 0 1 0 0 1 0 0 0 -36 
0 0 0 1 0 1 0 0 1 0 0 1 1 0 0 1 1 1 0 1 1 1 1 1 0 0 0 0 0 1 0 1 0 1 0 0 1 1 -42 
1 0 0 0 0 1 0 1 0 1 1 0 1 0 0 0 1 0 1 1 1 1 0 1 1 0 0 1 1 0 1 1 1 0 1 1 0 1 -65 

GEN 87
FIT_MEAN 437.5
0 0 1 0 0 0 1 1 0 1 0 1 1 1 0 0 1 1 1 0 0 1 0 1 0 0 0 0 1 1 1 0 1 0 0 0 0 0 876 
0 0 1 0 0 0 1 1 0 1 0 1 1 1 0 0 1 1 1 0 0 1 0 1 0 0 0 0 1 1 1 0 1 0 0 0 0 0 876 
0 0 1 0 0 0 1 1 0 1 0 1 1 1 0 0 1 1 1 0 0 1 0 1 0 0 0 0 1 1 1 0 1 0 0 0 0 0 876 
0 0 1 0 0 0 1 1 0 1 0 1 1 1 0 0 1 1 0 0 0 0 0 1 0 0 1 0 1 1 1 0 0 0 0 0 0 0 744 
0 0 1 1 0 1 0 0 0 1 0 1 1 1 0 0 0 0 0 0 0 1 0 1 0 0 1 0 1 1 1 0 0 0 0 0 0 0 701 
0 0 1 1 0 1 0 0 1 0 0 1 1 0 0 0 0 0 0 0 1 0 0 0 0 0 0 0 1 0 0 0 0 0 0 1 1 0 461 
0 0 0 0 1 0 1 0 0 0 1 1 0 1 1 1 1 1 0 1 1 1 1 1 0 0 0 0 0 1 1 1 0 0 0 0 0 0 -4 
1 0 1 1 0 0 0 1 0 1 0 1 0 1 0 0 1 0 0 0 1 0 1 0 1 0 1 1 1 1 0 1 0 0 1 0 0 1 -47 
0 0 0 1 0 1 0 0 1 0 0 1 1 0 0 1 1 1 0 1 1 1 1 1 0 0 0 0 0 1 0 1 0 1 0 0 1 1 -42 
1 0 1 0 0 1 0 1 0 1 1 0 1 0 0 0 1 0 1 1 1 1 0 1 1 0 0 1 1 0 1 1 1 0 1 1 0 1 -66 

GEN 88
FIT_MEAN 444.3
0 0 1 0 0 0 1 1 0 1 0 1 1 1 0 0 1 1 1 0 0 1 0 1 0 0 0 0 1 1 1 0 1 0 0 0 0 0 876 
0 0 1 0 0 0 1 1 0 1 0 1 1 1 0 0 1 1 1 0 0 1 0 1 0 0 0 0 1 1 1 0 1 0 0 0 0 0 876 
0 0 1 0 0 0 1 1 0 1 0 1 1 1 0 0 1 1 1 0 0 1 0 1 0 0 0 0 1 1 1 0 1 0 0 0 0 0 876 
0 0 1 0 0 0 1 1 0 1 0 1 1 1 0 0 1 1 0 0 0 0 0 1 0 0 1 0 1 1 1 0 0 0 0 0 0 0 744 
0 0 1 1 0 1 0 0 0 1 0 1 1 1 0 0 0 0 0 0 0 1 0 1 0 0 1 0 1 1 1 0 0 0 0 0 0 0 701 
0 0 1 1 0 1 0 0 1 0 0 1 1 0 0 0 0 0 0 0 1 0 0 0 0 0 0 1 1 0 0 0 0 0 0 1 1 0 516 
0 0 0 0 1 0 1 0 0 0 1 1 0 1 1 1 1 1 0 1 1 1 1 1 0 0 0 0 0 1 1 1 0 0 0 0 0 0 -4 
1 0 1 1 0 0 0 1 0 1 0 1 0 1 0 0 1 0 0 0 1 0 1 0 1 0 1 1 1 1 0 1 0 0 1 0 0 1 -47 
0 0 0 1 0 1 0 0 1 0 0 1 1 0 0 1 1 1 0 1 1 0 1 1 0 0 0 0 0 1 0 1 0 1 0 0 1 1 -39 
1 0 1 0 0 1 0 1 0 1 1 0 1 0 0 0 1 0 0 1 1 1 0 1 1 0 0 1 1 0 1 1 1 0 1 1 0 1 -56 

GEN 89
FIT_MEAN 443.6
0 0 1 0 0 0 1 1 0 1 0 1 1 1 0 0 1 1 1 0 0 1 0 1 0 0 0 0 1 1 1 0 1 0 0 0 0 0 876 
0 0 1 0 0 0 1 1 0 1 0 1 1 1 0 0 1 1 1 0 0 1 0 1 0 0 0 0 1 1 1 0 1 0 0 0 0 0 876 
0 0 1 0 0 0 1 1 0 1 0 1 1 1 0 0 1 1 1 0 0 1 0 1 0 0 0 0 1 1 1 0 1 0 0 0 0 0 876 
0 0 1 0 0 0 1 1 0 1 0 1 1 1 0 0 1 1 0 0 0 0 0 1 0 0 1 0 1 1 1 0 0 0 0 0 0 0 744 
0 0 1 1 0 1 0 0 0 1 0 1 1 1 0 0 0 0 0 0 0 1 0 1 0 0 1 0 1 1 1 0 0 0 0 0 0 0 701 
0 0 1 1 0 1 0 0 1 0 0 1 1 0 0 0 0 0 0 0 1 0 0 0 0 0 0 1 1 0 0 0 0 0 0 1 1 0 516 
0 0 0 0 1 0 1 0 0 0 1 1 0 1 1 1 1 1 0 1 1 1 1 1 0 0 0 0 0 1 1 1 0 0 0 0 0 0 -4 
1 0 1 1 0 0 0 1 0 1 0 1 0 1 0 0 1 0 0 0 1 0 1 0 1 0 1 1 1 1 0 1 0 0 1 0 0 1 -47 
0 0 0 1 0 1 0 0 1 0 0 1 1 0 0 1 1 1 0 1 1 0 1 1 1 0 0 0 0 1 0 1 0 1 0 0 1 1 -46 
1 0 1 0 0 1 0 1 0 1 1 0 1 0 0 0 1 0 0 1 1 1 0 1 1 0 0 1 1 0 1 1 1 0 1 1 0 1 -56 

GEN 90
FIT_MEAN 446.7
0 0 1 0 0 0 1 1 0 1 0 1 1 1 0 0 1 1 1 0 0 1 0 1 0 0 0 0 1 1 1 0 1 0 0 0 0 0 876 
0 0 1 0 0 0 1 1 0 1 0 1 1 1 0 0 1 1 1 0 0 1 0 1 0 0 0 0 1 1 1 0 1 0 0 0 0 0 876 
0 0 1 0 0 0 1 1 0 1 0 1 1 1 0 0 1 1 1 0 0 1 0 1 0 0 0 0 1 1 1 0 1 0 0 0 0 0 876 
0 0 1 0 0 0 1 1 0 1 0 1 1 1 0 0 1 1 0 0 0 0 1 1 0 0 1 0 1 1 1 0 0 0 0 0 0 0 776 
0 0 1 1 0 1 0 0 0 1 0 1 1 1 0 0 0 0 0 0 0 1 0 1 0 0 1 0 1 1 1 0 0 0 0 0 0 0 701 
0 0 1 1 0 1 0 0 1 0 0 1 1 0 0 0 0 0 0 0 1 0 0 0 0 0 0 1 1 0 0 0 0 0 0 1 1 0 516 
0 0 0 0 1 0 1 0 0 0 1 1 0 1 1 1 1 1 0 1 1 1 1 1 0 0 0 0 0 1 1 1 0 0 0 0 0 0 -4 
1 0 1 1 0 0 0 1 0 1 0 1 0 1 1 0 1 0 0 0 1 0 1 0 1 0 1 1 1 1 0 1 0 0 1 0 0 1 -49 
0 0 0 1 0 1 0 0 1 0 0 1 1 0 0 1 1 1 0 1 1 0 1 1 1 0 0 0 0 0 0 1 0 1 0 0 1 1 -45 
1 0 1 0 0 1 0 1 0 1 1 0 1 0 0 0 1 0 0 1 1 1 0 1 1 0 0 1 1 0 1 1 1 0 1 1 0 1 -56 

GEN 91
FIT_MEAN 447.3
0 0 1 0 0 0 1 1 0 1 0 1 1 1 0 0 1 1 1 0 0 1 0 1 0 0 0 0 1 1 1 0 1 0 0 0 0 0 876 
0 0 1 0 0 0 1 1 0 1 0 1 1 1 0 0 1 1 1 0 0 1 0 1 0 0 0 0 1 1 1 0 1 0 0 0 0 0 876 
0 0 1 0 0 0 1 1 0 1 0 1 1 1 0 0 1 1 1 0 0 1 0 1 0 0 0 0 1 1 1 0 1 0 0 0 0 0 876 
0 0 1 0 0 0 1 1 0 1 0 1 1 1 0 0 1 1 0 0 0 0 1 1 0 0 1 0 1 1 1 0 0 1 0 0 0 0 818 
0 0 1 1 0 1 0 0 0 1 0 1 1 1 0 0 0 0 0 0 0 1 0 1 0 0 1 0 1 1 1 0 0 0 0 0 0 0 701 
0 0 1 1 0 1 0 0 1 0 0 0 1 0 0 0 0 0 0 0 1 0 0 0 0 0 0 1 1 0 0 0 0 0 0 1 1 0 475 
0 0 0 0 1 0 1 0 0 0 1 1 0 1 1 1 1 1 0 1 1 1 1 1 0 0 0 0 0 1 1 1 0 0 0 0 0 0 -4 
1 0 1 1 0 0 0 1 0 1 0 1 0 1 1 0 0 0 0 0 1 0 1 0 1 0 1 1 1 1 0 1 0 0 1 0 0 1 -33 
0 0 0 1 0 1 0 0 1 0 0 1 1 0 0 1 1 1 0 1 1 0 1 1 1 0 0 0 0 0 0 1 0 1 0 0 1 1 -45 
1 0 1 0 0 1 0 1 0 1 1 0 1 0 0 1 1 0 0 1 1 1 0 1 1 0 0 1 1 0 1 1 1 0 1 1 0 1 -67 

GEN 92
FIT_MEAN 450.3
0 0 1 0 0 0 1 1 0 1 0 1 1 1 0 0 1 1 1 0 0 1 0 1 0 0 0 0 1 1 1 0 1 0 0 0 0 0 876 
0 0 1 0 0 0 1 1 0 1 0 1 1 1 0 0 1 1 1 0 0 1 0 1 0 0 0 0 1 1 1 0 1 0 0 0 0 0 876 
0 0 1 0 0 0 1 1 0 1 0 1 1 1 0 0 1 1 1 0 0 1 0 1 0 0 0 0 1 1 1 0 1 0 0 0 0 0 876 
0 0 1 0 0 0 1 1 0 1 0 1 1 1 0 0 1 1 0 0 0 0 1 1 0 0 1 0 1 1 1 0 0 1 0 0 0 0 818 
0 0 1 1 0 1 0 0 0 1 0 1 1 1 0 0 0 0 0 0 0 1 0 1 0 0 1 0 1 1 1 0 0 0 0 0 0 0 701 
0 0 1 1 0 1 0 0 1 0 0 0 1 0 0 0 0 0 0 0 1 0 0 0 0 0 0 1 1 0 0 0 0 0 0 1 1 0 475 
0 0 0 0 1 0 1 0 0 0 1 1 0 1 1 1 1 1 0 1 1 1 1 1 0 0 0 0 0 1 1 1 0 0 0 0 0 0 -4 
1 0 1 1 0 0 0 1 0 1 0 1 0 1 1 0 0 0 0 0 1 0 1 0 1 0 1 1 1 1 0 1 0 0 1 0 0 1 -33 
0 0 0 1 0 1 0 0 0 0 0 1 1 0 0 1 1 1 0 1 1 0 1 1 1 0 0 0 0 0 0 1 0 1 0 0 1 1 -29 
1 0 1 0 0 1 0 0 0 1 1 0 1 0 0 1 1 0 0 1 1 1 0 1 1 0 0 1 1 0 1 1 1 0 1 1 0 1 -53 

GEN 93
FIT_MEAN 453.8
0 0 1 0 0 0 1 1 0 1 0 1 1 1 0 0 1 1 1 0 0 1 0 1 0 0 0 0 1 1 1 0 1 0 0 0 0 0 876 
0 0 1 0 0 0 1 1 0 1 0 1 1 1 0 0 1 1 1 0 0 1 0 1 0 0 0 0 1 1 1 0 1 0 0 0 0 0 876 
0 0 1 0 0 0 1 1 0 1 0 1 1 1 0 0 1 1 1 0 0 1 0 1 0 0 0 0 1 1 1 0 1 0 0 0 0 0 876 
0 0 1 0 0 0 1 1 0 1 0 1 1 1 0 0 1 1 0 0 0 0 1 1 0 0 1 0 1 1 1 0 0 1 0 0 0 0 818 
0 0 1 1 0 1 0 0 0 1 0 1 1 1 0 0 0 1 0 0 0 1 0 1 0 0 1 0 1 1 1 0 0 0 0 0 0 0 736 
0 0 1 1 0 1 0 0 1 0 0 0 1 0 0 0 0 0 0 0 1 0 0 0 0 0 0 1 1 0 0 0 0 0 0 1 1 0 475 
0 0 0 0 1 0 1 0 0 0 1 1 0 1 1 1 1 1 0 1 1 1 1 1 0 0 0 0 0 1 1 1 0 0 0 0 0 0 -4 
1 0 1 1 0 0 0 1 0 1 0 1 0 1 1 0 0 0 0 0 1 0 1 0 1 0 1 1 1 1 0 1 0 0 1 0 0 1 -33 
0 0 0 1 0 1 0 0 0 0 0 1 1 0 0 1 1 1 0 1 1 0 1 1 1 0 0 0 0 0 0 1 0 1 0 0 1 1 -29 
1 0 1 0 0 1 0 0 0 1 1 0 1 0 0 1 1 0 0 1 1 1 0 1 1 0 0 1 1 0 1 1 1 0 1 1 0 1 -53 

GEN 94
FIT_MEAN 454.6
0 0 1 0 0 0 1 1 0 1 0 1 1 1 0 0 1 1 1 0 0 1 0 1 0 0 0 0 1 1 1 0 1 0 0 0 0 0 876 
0 0 1 0 0 0 1 1 0 1 0 1 1 1 0 0 1 1 1 0 0 1 0 1 0 0 0 0 1 1 1 0 1 0 0 0 0 0 876 
0 0 1 0 0 0 1 1 0 1 0 1 1 1 0 0 1 1 1 0 0 1 0 1 0 0 0 0 1 1 1 0 1 0 0 0 0 0 876 
0 0 1 0 0 0 1 1 0 1 0 1 1 1 0 0 1 1 0 0 0 0 1 1 0 0 1 0 1 1 1 0 0 1 0 0 0 0 818 
0 0 1 1 0 1 0 0 0 1 0 1 1 1 0 0 0 1 0 0 0 1 0 1 0 0 1 0 1 1 1 0 0 0 0 0 0 0 736 
0 0 1 1 0 1 0 0 1 0 0 0 1 0 0 0 0 0 0 0 1 0 0 0 0 0 0 1 1 0 0 0 0 0 0 1 1 0 475 
0 0 0 0 1 0 1 0 0 1 1 1 0 1 1 1 1 1 0 1 1 1 1 1 0 0 0 0 0 1 1 1 0 0 0 0 0 0 -7 
1 0 1 1 0 0 0 1 0 1 0 1 0 1 1 0 0 0 0 0 1 0 1 0 1 0 1 1 1 1 0 1 0 0 1 0 0 0 -22 
0 0 0 1 0 1 0 0 0 0 0 1 1 0 0 1 1 1 0 1 1 0 1 1 1 0 0 0 0 0 0 1 0 1 0 0 1 1 -29 
1 0 1 0 0 1 0 0 0 1 1 0 1 0 0 1 1 0 0 1 1 1 0 1 1 0 0 1 1 0 1 1 1 0 1 1 0 1 -53 

GEN 95
FIT_MEAN 406.8
0 0 1 0 0 0 1 1 0 1 0 1 1 1 0 0 1 1 1 0 0 1 0 1 0 0 0 0 1 1 1 0 1 0 0 0 0 0 876 
0 0 1 0 0 0 1 1 0 1 0 1 1 1 0 0 1 1 1 0 0 1 0 1 0 0 0 0 1 1 1 0 1 0 0 0 0 0 876 
0 0 1 0 0 0 1 1 0 1 0 1 1 1 0 0 1 1 1 0 0 1 0 1 0 0 0 0 1 1 1 0 1 0 0 0 0 0 876 
0 0 1 0 0 0 1 1 0 1 0 1 1 1 0 0 1 1 0 0 0 0 1 1 0 0 1 0 1 1 1 0 0 1 0 0 0 0 818 
0 0 1 1 0 1 0 0 0 1 0 1 1 1 0 0 0 1 0 0 0 1 0 1 0 0 1 0 1 1 1 0 0 0 0 0 0 0 736 
1 0 1 1 0 1 0 0 1 0 0 0 1 0 0 0 0 0 0 0 1 0 0 0 0 0 0 1 1 0 0 0 0 0 0 1 1 0 -3 
0 0 0 0 1 0 1 0 0 1 1 1 0 1 1 1 1 1 0 1 1 1 1 1 0 0 0 0 0 1 1 1 0 0 0 0 0 0 -7 
1 0 1 1 0 0 0 1 0 1 0 1 0 1 1 0 0 0 0 0 1 0 1 0 1 0 1 1 1 1 0 1 1 0 1 0 0 0 -23 
0 0 0 1 0 1 0 0 0 0 0 1 1 0 0 1 1 1 0 1 1 0 1 1 1 0 0 0 0 0 0 1 0 1 0 0 1 1 -29 
1 0 1 0 0 1 0 0 0 1 1 0 1 0 0 1 1 0 0 1 1 1 0 1 1 0 0 1 1 0 1 1 0 0 1 1 0 1 -52 

GEN 96
FIT_MEAN 406.2
0 0 1 0 0 0 1 1 0 1 0 1 1 1 0 0 1 1 1 0 0 1 0 1 0 0 0 0 1 1 1 0 1 0 0 0 0 0 876 
0 0 1 0 0 0 1 1 0 1 0 1 1 1 0 0 1 1 1 0 0 1 0 1 0 0 0 0 1 1 1 0 1 0 0 0 0 0 876 
0 0 1 0 0 0 1 1 0 1 0 1 1 1 0 0 1 1 1 0 0 1 0 1 0 0 0 0 1 1 1 0 1 0 0 0 0 0 876 
0 0 1 0 0 0 1 1 0 1 0 1 1 1 0 0 1 1 0 0 0 0 1 1 0 0 1 0 1 1 1 0 0 1 0 0 0 0 818 
0 0 1 1 0 1 0 0 0 1 0 1 1 1 0 0 0 1 0 0 0 1 0 1 0 0 1 0 1 1 1 0 0 0 0 0 0 0 736 
1 0 1 1 0 1 0 0 1 0 0 0 1 0 0 0 0 0 0 0 1 0 0 0 0 0 0 1 1 0 0 0 0 0 0 1 1 0 -3 
0 0 0 0 1 0 1 0 0 1 1 1 0 1 1 1 1 1 0 1 1 1 1 1 0 0 0 0 0 1 1 1 0 0 0 0 0 0 -7 
1 0 1 1 0 0 0 1 0 1 0 1 0 1 1 0 0 0 0 0 1 0 1 0 1 0 1 1 1 1 1 1 1 0 1 0 0 0 -29 
0 0 0 1 0 1 0 0 0 0 0 1 1 0 0 1 1 1 0 1 1 0 1 1 1 0 0 0 0 0 0 1 0 1 0 0 1 1 -29 
1 0 1 0 0 1 0 0 0 1 1 0 1 0 0 1 1 0 0 1 1 1 0 1 1 0 0 1 1 0 1 1 0 0 1 1 0 1 -52 

GEN 97
FIT_MEAN 406.5
0 0 1 0 0 0 1 1 0 1 0 1 1 1 0 0 1 1 1 0 0 1 0 1 0 0 0 0 1 1 1 0 1 0 0 0 0 0 876 
0 0 1 0 0 0 1 1 0 1 0 1 1 1 0 0 1 1 1 0 0 1 0 1 0 0 0 0 1 1 1 0 1 0 0 0 0 0 876 
0 0 1 0 0 0 1 1 0 1 0 1 1 1 0 0 1 1 1 0 0 1 0 1 0 0 0 0 1 1 1 0 1 0 0 0 0 0 876 
0 0 1 0 0 0 1 1 0 1 0 1 1 1 0 0 1 1 0 0 0 0 1 1 0 0 1 0 1 1 1 0 0 1 0 0 0 0 818 
0 0 1 1 0 1 0 0 0 1 0 1 1 1 0 0 0 1 0 0 0 1 0 1 0 0 1 0 1 1 1 0 0 0 0 0 0 0 736 
1 0 1 1 0 1 0 0 1 0 0 0 1 0 0 0 0 0 0 0 1 0 0 0 0 0 0 1 1 0 0 0 0 0 0 1 1 0 -3 
0 0 0 0 1 0 1 0 0 1 1 1 0 1 1 1 1 1 0 1 1 1 1 1 0 0 0 0 0 1 1 1 0 0 0 0 0 0 -7 
1 0 1 1 0 0 0 1 0 1 0 1 0 1 1 0 0 0 0 0 1 0 1 0 1 0 1 1 1 1 1 1 1 0 1 0 0 0 -29 
0 0 0 1 0 1 0 0 0 0 0 1 1 0 0 1 1 1 0 1 1 0 0 1 1 0 0 0 0 0 0 1 0 1 0 0 1 1 -26 
1 0 1 0 0 1 0 0 0 1 1 0 1 0 0 1 1 0 0 1 1 1 0 1 1 0 0 1 1 0 1 1 0 0 1 1 0 1 -52 

GEN 98
FIT_MEAN 397.9
0 0 1 0 0 0 1 1 0 1 0 1 1 1 0 0 1 1 1 0 0 1 0 1 0 0 0 0 1 1 1 0 1 0 0 0 0 0 876 
0 0 1 0 0 0 1 1 0 1 0 1 1 1 0 0 1 1 1 0 0 1 0 1 0 0 0 0 1 1 1 0 1 0 0 0 0 0 876 
0 0 1 0 0 0 1 1 0 1 0 1 1 1 0 0 1 1 1 0 0 1 0 1 0 0 0 0 1 1 1 0 1 0 0 0 0 0 876 
0 0 1 0 0 0 1 1 0 1 0 1 1 1 0 0 1 1 0 0 0 0 1 1 0 0 1 0 1 1 0 0 0 1 0 0 0 0 739 
0 0 1 1 0 1 0 0 0 1 0 1 1 1 0 0 0 1 0 0 0 1 0 1 0 0 1 0 1 1 1 0 0 0 0 0 0 0 736 
1 0 1 1 0 1 0 0 1 0 0 0 1 0 0 0 0 0 0 0 1 0 0 0 0 0 0 1 1 0 0 0 0 0 0 1 1 0 -3 
0 0 0 0 1 0 1 0 0 1 1 1 0 1 1 1 1 1 0 1 1 1 1 1 0 0 0 0 0 1 1 1 0 0 1 0 0 0 -21 
1 0 1 1 0 0 0 1 0 1 0 1 0 1 1 0 0 0 0 0 1 0 1 0 1 0 1 1 1 1 1 1 1 0 1 0 0 0 -29 
0 0 0 1 0 1 0 0 0 0 0 1 1 0 0 1 1 1 0 1 0 0 0 1 1 0 0 0 0 0 0 1 0 1 0 0 1 1 -19 
1 0 1 0 0 1 0 0 0 1 1 0 1 0 0 1 1 0 0 1 1 1 0 1 1 0 0 1 1 0 1 1 0 0 1 1 0 1 -52 

GEN 99
FIT_MEAN 398
0 0 1 0 0 0 1 1 0 1 0 1 1 1 0 0 1 1 1 0 0 1 0 1 0 0 0 0 1 1 1 0 1 0 0 0 0 0 876 
0 0 1 0 0 0 1 1 0 1 0 1 1 1 0 0 1 1 1 0 0 1 0 1 0 0 0 0 1 1 1 0 1 0 0 0 0 0 876 
0 0 1 0 0 0 1 1 0 1 0 1 1 1 0 0 1 1 1 0 0 1 0 1 0 0 0 0 1 1 1 0 1 0 0 0 0 0 876 
0 0 1 0 0 0 1 1 0 1 0 1 1 1 0 0 1 1 1 0 0 0 1 1 0 0 1 0 1 1 0 0 0 1 0 0 0 0 741 
0 0 1 1 0 1 0 0 0 1 0 1 1 1 0 0 0 1 0 0 0 1 0 1 0 0 1 0 1 1 1 0 0 0 0 0 0 0 736 
1 0 1 1 0 1 0 0 1 0 0 0 1 0 0 0 0 0 0 0 1 0 0 0 0 0 0 1 1 0 0 0 0 0 0 1 1 0 -3 
0 0 0 0 1 0 1 0 0 1 1 1 0 1 1 1 1 1 0 1 1 1 1 1 0 0 0 0 0 1 1 1 0 0 1 0 0 0 -21 
1 0 1 1 0 0 0 1 0 1 0 1 0 1 1 0 0 0 0 0 1 0 1 0 1 0 1 1 1 1 1 1 1 0 1 0 1 0 -39 
0 0 0 1 0 1 0 0 0 0 0 1 1 0 0 1 1 1 0 1 0 0 0 1 1 0 0 0 0 0 0 1 0 0 0 0 1 1 -10 
1 0 1 0 0 1 0 0 0 1 1 0 1 0 0 1 1 0 0 1 1 1 0 1 1 0 0 1 1 0 1 1 0 0 1 1 0 1 -52 

