N 19 C 100

GEN 0
FIT_MEAN 501.8
0 0 0 0 0 0 0 0 1 0 0 0 0 0 0 1 1 0 1 150 
1 0 1 1 1 1 0 0 0 0 1 1 0 0 1 1 1 0 0 529 
1 0 0 1 0 1 1 0 1 0 0 0 1 0 1 1 0 1 0 423 
0 0 0 0 1 1 1 1 0 0 0 0 1 0 1 1 0 1 0 423 
1 1 1 1 1 0 0 0 1 0 0 1 0 1 0 1 0 1 0 577 
0 1 0 1 1 1 1 1 0 1 1 0 0 0 1 0 1 1 1 656 
0 1 1 0 1 0 0 0 1 0 1 1 0 0 0 0 1 0 1 488 
1 0 1 0 0 0 1 0 1 1 1 0 1 0 0 0 1 0 0 512 
1 1 1 0 0 0 1 0 0 1 1 0 1 0 0 1 1 1 1 678 
0 0 1 1 0 1 0 1 0 1 1 1 0 1 0 1 1 1 0 582 

GEN 1
FIT_MEAN 655.8
1 1 1 0 0 0 1 0 0 1 1 0 1 0 0 1 1 1 1 678 
0 1 0 1 1 1 1 1 0 1 1 0 0 0 1 0 1 1 1 656 
0 0 1 1 0 1 0 1 0 1 1 1 0 1 0 1 1 1 0 582 
1 1 1 0 0 0 1 0 0 1 1 0 0 0 1 0 1 1 1 649 
0 1 0 1 1 1 1 1 0 1 1 1 0 1 0 1 1 1 0 694 
0 0 1 1 0 1 0 1 0 1 1 0 1 0 0 1 1 1 1 573 
0 1 0 1 1 1 1 1 0 1 1 1 0 1 0 1 1 1 1 744 
1 1 1 0 0 0 1 0 0 1 1 1 0 0 1 0 1 1 1 715 
0 1 0 1 1 1 1 1 0 1 1 1 0 1 0 1 1 1 0 694 
0 0 1 1 0 1 0 1 0 1 1 0 1 0 0 1 1 1 1 573 

GEN 2
FIT_MEAN 673.9
0 1 0 1 1 1 1 1 0 1 1 1 0 1 0 1 1 1 1 744 
1 1 1 0 0 0 1 0 0 1 1 1 0 0 1 0 1 1 1 715 
0 1 0 1 1 1 1 1 0 1 1 1 0 1 0 1 1 1 0 694 
1 1 1 0 0 0 1 0 0 1 1 0 0 0 1 0 1 1 1 649 
0 1 0 1 1 1 1 1 0 0 1 1 0 1 0 1 1 1 0 638 
0 0 1 1 0 1 0 1 0 1 1 0 1 0 0 1 1 1 1 573 
0 1 0 1 1 1 1 1 0 1 1 1 0 1 0 1 1 1 1 744 
1 1 1 0 0 0 1 0 0 1 1 1 0 0 1 0 1 1 1 715 
0 1 0 1 1 1 1 1 0 1 1 1 0 1 0 1 1 1 0 694 
0 0 1 1 0 1 0 1 0 1 1 0 1 0 0 1 1 1 1 573 

GEN 3
FIT_MEAN 672.6
0 1 0 1 1 1 1 1 0 1 1 1 0 1 0 1 1 1 1 744 
0 1 0 1 1 1 1 1 0 1 1 1 0 1 0 1 1 1 1 744 
1 1 1 0 0 0 1 0 0 1 1 1 0 0 1 0 1 1 1 715 
1 1 1 0 0 0 1 0 0 1 1 0 0 0 1 0 1 1 1 649 
0 1 0 1 1 1 1 1 1 0 1 1 0 1 0 1 1 1 0 675 
0 0 1 1 0 1 0 1 0 1 1 0 1 0 0 1 1 1 1 573 
0 1 0 1 1 1 1 1 0 1 1 1 0 1 0 1 1 1 1 744 
1 1 1 0 0 0 1 0 0 1 1 1 0 0 1 0 1 1 1 715 
0 1 0 1 1 1 1 1 0 1 1 1 0 1 0 1 1 1 0 694 
0 0 0 1 0 1 0 1 0 1 1 0 1 0 0 1 1 1 1 473 

GEN 4
FIT_MEAN 681
0 1 0 1 1 1 1 1 0 1 1 1 0 1 0 1 1 1 1 744 
0 1 0 1 1 1 1 1 0 1 1 1 0 1 0 1 1 1 1 744 
0 1 0 1 1 1 1 1 0 1 1 1 0 1 0 1 1 1 1 744 
1 1 1 0 0 0 1 0 0 1 1 0 0 0 1 0 1 1 1 649 
0 1 0 1 1 1 1 1 1 0 1 1 0 1 1 1 1 1 0 692 
0 0 1 1 0 1 0 1 0 1 1 0 1 0 0 1 1 0 1 481 
0 1 0 1 1 1 1 1 0 1 1 1 0 1 0 1 1 1 1 744 
1 1 1 0 0 0 1 0 0 1 1 1 1 0 1 0 1 1 1 749 
0 1 0 1 1 1 1 1 0 1 1 1 0 1 0 1 1 1 0 694 
1 0 0 1 0 1 0 1 0 1 1 0 1 0 0 1 1 1 1 569 

GEN 5
FIT_MEAN 661.7
1 1 1 0 0 0 1 0 0 1 1 1 1 0 1 0 1 1 1 749 
0 1 0 1 1 1 1 1 0 1 1 1 0 1 0 1 1 1 1 744 
0 1 0 1 1 1 1 1 0 1 1 1 0 1 0 1 1 1 1 744 
1 1 1 0 0 0 1 0 0 1 1 0 0 0 1 0 1 1 1 649 
0 1 0 1 1 1 1 1 1 0 1 1 0 1 1 1 1 1 0 692 
0 0 1 1 0 1 0 1 0 1 1 0 1 0 0 1 0 0 1 430 
0 1 0 1 1 1 1 1 0 1 1 1 0 1 0 1 1 1 1 744 
1 1 1 0 0 0 1 0 0 1 1 1 1 0 1 0 1 1 1 749 
0 1 0 1 1 1 1 1 0 1 1 1 0 1 0 1 0 1 0 643 
0 0 0 1 0 1 0 1 0 1 1 0 1 0 0 1 1 1 1 473 

GEN 6
FIT_MEAN 666.8
1 1 1 0 0 0 1 0 0 1 1 1 1 0 1 0 1 1 1 749 
1 1 1 0 0 0 1 0 0 1 1 1 1 0 1 0 1 1 1 749 
0 1 0 1 1 1 1 1 0 1 1 1 0 1 0 1 1 1 1 744 
1 1 1 1 0 0 1 0 0 1 1 0 0 0 1 0 1 1 1 667 
0 1 0 1 1 1 1 1 1 0 1 1 0 1 1 1 1 1 0 692 
0 0 1 1 0 1 0 1 0 1 1 0 1 0 0 1 0 0 1 430 
0 1 1 1 1 1 1 1 0 1 1 1 0 1 0 1 1 1 1 844 
1 1 1 0 0 0 1 0 0 1 1 1 1 0 0 0 1 1 1 732 
0 1 0 1 1 1 1 1 0 1 0 1 0 1 0 1 0 1 0 588 
0 0 0 1 0 1 0 1 0 1 1 0 1 0 0 1 1 1 1 473 

GEN 7
FIT_MEAN 694.7
0 1 1 1 1 1 1 1 0 1 1 1 0 1 0 1 1 1 1 844 
1 1 1 0 0 0 1 0 0 1 1 1 1 0 1 0 1 1 1 749 
1 1 1 0 0 0 1 0 0 1 1 1 1 0 1 0 1 1 1 749 
1 1 1 1 0 0 1 0 0 1 1 0 0 0 1 0 1 1 1 667 
0 1 0 1 1 1 1 1 1 0 1 1 0 1 1 1 1 1 0 692 
0 0 1 1 0 1 0 1 0 1 1 0 1 0 0 1 0 0 1 430 
0 1 1 1 1 1 1 1 0 1 1 1 0 1 0 1 1 1 1 844 
1 1 1 0 0 0 1 0 0 1 1 1 1 0 0 0 1 1 1 732 
1 1 0 1 1 1 1 1 0 1 0 1 0 1 0 1 0 1 0 684 
0 0 0 1 0 1 1 1 0 1 1 0 1 0 0 1 1 1 1 556 

GEN 8
FIT_MEAN 692.5
0 1 1 1 1 1 1 1 0 1 1 1 0 1 0 1 1 1 1 844 
0 1 1 1 1 1 1 1 0 1 1 1 0 1 0 1 1 1 1 844 
1 1 1 0 0 0 1 0 0 1 1 1 1 0 1 0 1 1 1 749 
1 1 1 1 0 0 1 0 0 1 1 0 0 0 1 0 0 1 1 616 
0 1 0 1 1 1 1 1 1 0 1 1 0 1 1 1 1 1 0 692 
0 0 1 1 0 1 0 1 0 1 1 0 1 0 0 1 0 0 1 430 
0 1 1 1 1 1 1 1 0 1 1 1 0 1 0 1 1 1 1 844 
1 1 1 0 0 0 1 0 0 1 1 1 1 0 0 0 1 1 1 732 
1 1 0 1 1 1 1 1 0 1 0 0 0 1 0 1 0 1 0 618 
0 0 0 1 0 1 1 1 0 1 1 0 1 0 0 1 1 1 1 556 

GEN 9
FIT_MEAN 702
0 1 1 1 1 1 1 1 0 1 1 1 0 1 0 1 1 1 1 844 
0 1 1 1 1 1 1 1 0 1 1 1 0 1 0 1 1 1 1 844 
0 1 1 1 1 1 1 1 0 1 1 1 0 1 0 1 1 1 1 844 
1 1 1 1 0 0 1 0 0 1 1 0 0 0 1 0 0 1 1 616 
0 1 0 1 1 1 1 1 1 0 1 1 0 1 1 1 1 1 0 692 
0 0 1 1 0 1 0 1 0 1 1 0 1 0 0 1 0 0 1 430 
0 1 1 1 1 1 1 1 0 1 1 1 0 1 0 1 1 1 1 844 
1 1 1 0 0 0 1 0 0 1 1 1 1 0 0 0 1 1 1 732 
1 1 0 1 1 1 1 1 0 1 0 0 0 1 0 1 0 1 0 618 
0 0 0 1 0 1 1 1 0 1 1 0 1 0 0 1 1 1 1 556 

GEN 10
FIT_MEAN 683.6
0 1 1 1 1 1 1 1 0 1 1 1 0 1 0 1 1 1 1 844 
0 1 1 1 1 1 1 1 0 1 1 1 0 1 0 1 1 1 1 844 
0 1 1 1 1 1 1 1 0 1 1 1 0 1 0 1 1 1 1 844 
1 1 1 1 0 0 1 0 0 1 1 0 0 0 1 0 0 1 1 616 
0 1 0 1 1 1 0 1 1 0 1 1 0 1 1 1 1 1 0 609 
0 0 1 1 0 1 0 1 0 1 0 0 1 0 0 1 0 0 1 375 
0 1 1 1 1 1 1 1 0 1 1 1 0 1 0 1 1 1 1 844 
1 1 1 0 0 0 1 0 0 1 1 1 1 0 0 0 1 1 1 732 
1 1 0 1 1 1 1 1 0 1 0 0 0 1 0 0 0 1 0 606 
0 0 0 1 0 1 1 1 0 1 1 0 0 0 0 1 1 1 1 522 

GEN 11
FIT_MEAN 681.5
0 1 1 1 1 1 1 1 0 1 1 1 0 1 0 1 1 1 1 844 
0 1 1 1 1 1 1 1 0 1 1 1 0 1 0 1 1 1 1 844 
0 1 1 1 1 1 1 1 0 1 1 1 0 1 0 1 1 1 1 844 
1 1 1 1 0 0 1 1 0 1 1 0 0 0 1 0 0 1 1 687 
0 1 0 1 1 1 0 1 1 0 1 1 0 1 1 1 1 0 0 517 
0 0 1 1 0 1 0 1 0 1 0 0 1 0 0 1 0 0 1 375 
0 1 1 1 1 1 1 1 0 1 1 1 0 1 0 1 1 1 1 844 
1 1 1 0 0 0 1 0 0 1 1 1 1 0 0 0 1 1 1 732 
1 1 0 1 1 1 1 1 0 1 0 0 0 1 0 0 0 1 0 606 
0 0 0 1 0 1 1 1 0 1 1 0 0 0 0 1 1 1 1 522 

GEN 12
FIT_MEAN 667.6
0 1 1 1 1 1 1 1 0 1 1 1 0 1 0 1 1 1 1 844 
0 1 1 1 1 1 1 1 0 1 1 1 0 1 0 1 1 1 1 844 
0 1 1 1 1 1 1 1 0 1 1 1 0 1 0 1 1 1 1 844 
1 1 1 1 0 0 1 1 0 1 1 0 0 0 1 0 0 1 1 687 
0 1 0 1 1 1 0 1 1 0 1 1 0 1 1 1 1 0 0 517 
0 0 1 1 0 1 0 1 0 0 0 0 1 0 0 1 0 0 1 319 
0 1 1 1 1 1 1 1 0 1 1 1 0 1 0 1 1 1 1 844 
1 1 1 0 0 0 0 0 0 1 1 1 1 0 0 0 1 1 1 649 
1 1 0 1 1 1 1 1 0 1 0 0 0 1 0 0 0 1 0 606 
0 0 0 1 0 1 1 1 0 1 1 0 0 0 0 1 1 1 1 522 

GEN 13
FIT_MEAN 591.6
0 1 1 1 1 1 1 1 0 1 1 1 0 1 0 1 1 1 1 844 
0 1 1 1 1 1 1 1 0 1 1 1 0 1 0 1 1 1 1 844 
0 1 1 1 1 1 1 1 0 1 1 1 0 1 0 1 1 1 1 844 
1 1 1 1 0 0 1 1 0 1 1 0 0 0 1 0 0 1 1 687 
0 1 0 1 1 1 0 1 1 0 1 1 0 1 1 1 1 0 0 517 
0 0 1 1 0 1 0 1 0 0 0 0 1 0 0 1 0 0 1 319 
0 1 1 1 1 1 1 1 0 1 1 1 1 1 0 1 1 1 1 -11 
1 1 1 0 0 0 0 0 0 1 1 1 1 0 0 0 0 1 1 598 
1 1 0 1 1 1 1 1 0 1 0 1 0 1 0 0 0 1 0 672 
0 0 0 1 1 1 1 1 0 1 1 0 0 0 0 1 1 1 1 602 

GEN 14
FIT_MEAN 596.7
0 1 1 1 1 1 1 1 0 1 1 1 0 1 0 1 1 1 1 844 
0 1 1 1 1 1 1 1 0 1 1 1 0 1 0 1 1 1 1 844 
0 1 1 1 1 1 1 1 0 1 1 1 0 1 0 1 1 1 1 844 
1 1 1 1 0 0 1 1 0 1 1 0 0 0 1 0 1 1 1 738 
0 1 0 1 1 1 0 1 1 0 1 1 0 1 1 1 1 0 0 517 
0 0 1 1 0 1 0 1 0 0 0 0 1 0 0 1 0 0 1 319 
0 1 1 1 1 1 1 1 0 1 1 1 1 1 0 1 1 1 1 -11 
1 1 1 0 0 0 0 0 0 1 1 1 1 0 0 0 0 1 1 598 
1 1 0 1 1 1 1 1 0 1 0 1 0 1 0 0 0 1 0 672 
0 0 0 1 1 1 1 1 0 1 1 0 0 0 0 1 1 1 1 602 

GEN 15
FIT_MEAN 582.4
0 1 1 1 1 1 1 1 0 1 1 1 0 1 0 1 1 1 1 844 
0 1 1 1 1 1 1 1 0 1 1 1 0 1 0 1 1 1 1 844 
0 1 1 1 1 1 1 1 0 1 1 1 0 1 0 1 1 1 1 844 
1 1 1 1 0 0 1 1 0 1 1 0 0 0 1 0 1 1 1 738 
0 1 0 1 1 1 0 1 1 0 1 1 0 1 1 1 0 0 0 466 
0 0 1 1 0 1 0 1 0 0 0 0 1 0 0 1 0 0 1 319 
0 1 1 1 1 1 1 1 0 1 1 1 1 1 0 1 1 1 1 -11 
1 1 1 0 0 0 0 0 0 1 1 1 1 0 0 0 0 1 1 598 
1 1 0 1 1 1 1 1 0 1 0 1 0 1 0 0 0 0 0 580 
0 0 0 1 1 1 1 1 0 1 1 0 0 0 0 1 1 1 1 602 

GEN 16
FIT_MEAN 576.2
0 1 1 1 1 1 1 1 0 1 1 1 0 1 0 1 1 1 1 844 
0 1 1 1 1 1 1 1 0 1 1 1 0 1 0 1 1 1 1 844 
0 1 1 1 1 1 1 1 0 1 1 1 0 1 0 1 1 1 1 844 
1 1 1 1 0 0 1 1 0 1 1 0 0 0 1 0 1 1 1 738 
0 1 0 1 1 1 0 1 1 0 1 1 0 1 1 1 0 0 0 466 
0 0 1 1 0 1 0 1 0 0 0 0 1 0 0 1 0 0 1 319 
0 1 1 1 1 1 1 1 0 1 1 1 1 1 0 1 1 1 1 -11 
1 1 1 0 0 0 0 0 0 1 1 1 1 0 1 0 0 1 1 615 
0 1 0 1 1 1 1 1 0 1 0 1 0 1 0 0 0 0 0 484 
0 0 0 1 1 1 1 1 0 1 1 0 0 0 1 1 1 1 1 619 

GEN 17
FIT_MEAN 573.8
0 1 1 1 1 1 1 1 0 1 1 1 0 1 0 1 1 1 1 844 
0 1 1 1 1 1 1 1 0 1 1 1 0 1 0 1 1 1 1 844 
0 1 1 1 1 1 1 1 0 1 1 1 0 1 0 1 1 1 1 844 
1 1 1 1 0 0 1 1 0 1 1 0 0 0 1 0 1 1 1 738 
0 1 0 1 1 1 0 1 1 0 1 1 0 1 1 0 0 0 0 454 
0 0 1 1 0 1 0 1 0 0 0 0 1 0 0 0 0 0 1 307 
0 1 1 1 1 1 1 1 0 1 1 1 1 1 0 1 1 1 1 -11 
1 1 1 0 0 0 0 0 0 1 1 1 1 0 1 0 0 1 1 615 
0 1 0 1 1 1 1 1 0 1 0 1 0 1 0 0 0 0 0 484 
0 0 0 1 1 1 1 1 0 1 1 0 0 0 1 1 1 1 1 619 

GEN 18
FIT_MEAN 562.1
0 1 1 1 1 1 1 1 0 1 1 1 0 1 0 1 1 1 1 844 
0 1 1 1 1 1 1 1 0 1 1 1 0 1 0 1 1 1 1 844 
0 1 1 1 1 1 1 1 0 1 1 1 0 1 0 1 1 1 1 844 
1 1 1 1 0 0 1 1 0 1 1 0 0 0 1 0 1 1 1 738 
0 1 0 1 1 1 0 1 0 0 1 1 0 1 1 0 0 0 0 417 
0 0 1 1 0 1 0 1 0 0 0 0 1 0 0 0 0 0 1 307 
0 1 1 1 1 1 1 1 0 1 1 1 1 1 0 1 1 1 1 -11 
1 1 1 0 0 0 0 0 0 1 1 1 1 0 1 0 0 1 1 615 
0 1 0 1 0 1 1 1 0 1 0 1 0 1 0 0 0 0 0 404 
0 0 0 1 1 1 1 1 0 1 1 0 0 0 1 1 1 1 1 619 

GEN 19
FIT_MEAN 564.1
0 1 1 1 1 1 1 1 0 1 1 1 0 1 0 1 1 1 1 844 
0 1 1 1 1 1 1 1 0 1 1 1 0 1 0 1 1 1 1 844 
0 1 1 1 1 1 1 1 0 1 1 1 0 1 0 1 1 1 1 844 
1 1 1 1 0 0 1 1 0 1 1 0 0 0 1 0 1 1 1 738 
0 1 0 1 1 1 0 1 0 0 1 1 0 1 1 0 0 0 0 417 
0 0 1 1 0 1 0 1 0 0 0 0 1 0 0 1 0 0 1 319 
0 1 1 1 1 1 1 1 0 1 1 1 1 1 0 1 1 1 0 -3 
1 1 1 0 0 0 0 0 0 1 1 1 1 0 1 0 0 1 1 615 
0 1 0 1 0 1 1 1 0 1 0 1 0 1 0 0 0 0 0 404 
0 0 0 1 1 1 1 1 0 1 1 0 0 0 1 1 1 1 1 619 

GEN 20
FIT_MEAN 629.6
0 1 1 1 1 1 1 1 0 1 1 1 0 1 0 1 1 1 1 844 
0 1 1 1 1 1 1 1 0 1 1 1 0 1 0 1 1 1 1 844 
0 1 1 1 1 1 1 1 0 1 1 1 0 1 0 1 1 1 1 844 
1 1 1 1 0 0 1 1 0 1 1 0 0 0 1 0 1 1 0 688 
0 1 0 1 1 1 0 1 0 0 1 1 0 1 1 0 0 0 0 417 
0 0 1 1 0 1 0 1 0 0 0 0 1 0 0 1 0 0 1 319 
0 1 1 1 1 1 1 1 0 1 1 1 1 1 0 1 1 0 0 736 
1 1 1 0 0 0 0 0 0 1 1 1 0 0 1 0 0 1 1 581 
0 1 0 1 0 1 1 1 0 1 0 1 0 1 0 0 0 0 0 404 
0 0 0 1 1 1 1 1 0 1 1 0 0 0 1 1 1 1 1 619 

GEN 21
FIT_MEAN 629.8
0 1 1 1 1 1 1 1 0 1 1 1 0 1 0 1 1 1 1 844 
0 1 1 1 1 1 1 1 0 1 1 1 0 1 0 1 1 1 1 844 
0 1 1 1 1 1 1 1 0 1 1 1 0 1 0 1 1 1 1 844 
1 1 1 1 0 0 1 1 0 1 1 0 0 0 1 0 1 1 0 688 
0 1 0 1 1 1 0 1 0 0 1 1 0 1 1 0 0 0 0 417 
0 0 1 1 0 1 0 1 0 0 0 0 1 0 0 1 0 0 1 319 
0 1 1 1 1 1 1 1 0 1 1 1 1 1 0 1 1 0 0 736 
1 1 1 0 0 0 0 0 0 1 1 1 0 0 1 0 1 1 1 632 
0 0 0 1 0 1 1 1 0 1 0 1 0 1 0 0 0 0 0 355 
0 0 0 1 1 1 1 1 0 1 1 0 0 0 1 1 1 1 1 619 

GEN 22
FIT_MEAN 624
0 1 1 1 1 1 1 1 0 1 1 1 0 1 0 1 1 1 1 844 
0 1 1 1 1 1 1 1 0 1 1 1 0 1 0 1 1 1 1 844 
0 1 1 1 1 1 1 1 0 1 1 1 0 1 0 1 1 1 1 844 
1 1 1 1 0 0 1 1 0 1 1 0 0 0 1 0 1 0 0 596 
0 1 0 1 1 1 0 1 0 0 1 1 1 1 1 0 0 0 0 451 
0 0 1 1 0 1 0 1 0 0 0 0 1 0 0 1 0 0 1 319 
0 1 1 1 1 1 1 1 0 1 1 1 1 1 0 1 1 0 0 736 
1 1 1 0 0 0 0 0 0 1 1 1 0 0 1 0 1 1 1 632 
0 0 0 1 0 1 1 1 0 1 0 1 0 1 0 0 0 0 0 355 
0 0 0 1 1 1 1 1 0 1 1 0 0 0 1 1 1 1 1 619 

GEN 23
FIT_MEAN 627.4
0 1 1 1 1 1 1 1 0 1 1 1 0 1 0 1 1 1 1 844 
0 1 1 1 1 1 1 1 0 1 1 1 0 1 0 1 1 1 1 844 
0 1 1 1 1 1 1 1 0 1 1 1 0 1 0 1 1 1 1 844 
1 1 1 1 0 0 1 1 0 1 1 0 0 0 1 0 1 0 0 596 
0 1 0 1 1 1 0 1 0 0 1 1 1 1 1 0 0 0 0 451 
0 0 1 1 0 1 0 1 0 0 0 0 1 0 0 1 0 0 1 319 
0 1 1 1 1 1 1 1 0 1 1 1 1 1 0 1 1 0 0 736 
1 1 1 0 0 0 0 0 0 1 1 1 0 0 1 0 1 1 1 632 
0 0 0 1 0 1 1 1 0 1 0 1 1 1 0 0 0 0 0 389 
0 0 0 1 1 1 1 1 0 1 1 0 0 0 1 1 1 1 1 619 

GEN 24
FIT_MEAN 639.1
0 1 1 1 1 1 1 1 0 1 1 1 0 1 0 1 1 1 1 844 
0 1 1 1 1 1 1 1 0 1 1 1 0 1 0 1 1 1 1 844 
0 1 1 1 1 1 1 1 0 1 1 1 0 1 0 1 1 1 1 844 
1 1 1 1 0 0 1 1 0 1 1 0 0 0 1 0 1 0 0 596 
0 1 0 1 1 1 0 1 0 0 1 1 1 1 1 0 0 0 0 451 
0 0 1 1 0 1 0 1 0 0 0 0 1 0 0 1 0 0 1 319 
0 1 1 1 1 1 1 1 0 1 1 1 1 1 0 1 1 0 0 736 
1 0 1 0 0 0 0 0 0 1 1 1 0 0 1 0 1 1 1 583 
0 0 1 1 0 1 1 1 0 1 0 1 1 1 0 0 0 0 0 489 
0 0 0 1 1 1 1 1 0 1 1 1 0 0 1 1 1 1 1 685 

GEN 25
FIT_MEAN 644.2
0 1 1 1 1 1 1 1 0 1 1 1 0 1 0 1 1 1 1 844 
0 1 1 1 1 1 1 1 0 1 1 1 0 1 0 1 1 1 1 844 
0 1 1 1 1 1 1 1 0 1 1 1 0 1 0 1 1 1 1 844 
1 1 1 1 0 0 1 1 0 1 1 0 0 0 1 0 1 0 0 596 
0 1 0 1 1 1 0 1 0 0 1 1 1 1 1 0 0 0 0 451 
0 0 1 1 0 1 0 1 0 0 0 0 1 0 0 1 1 0 1 370 
0 1 1 1 1 1 1 1 0 1 1 1 1 1 0 1 1 0 0 736 
1 0 1 0 0 0 0 0 0 1 1 1 0 0 1 0 1 1 1 583 
0 0 1 1 0 1 1 1 0 1 0 1 1 1 0 0 0 0 0 489 
0 0 0 1 1 1 1 1 0 1 1 1 0 0 1 1 1 1 1 685 

GEN 26
FIT_MEAN 645.8
0 1 1 1 1 1 1 1 0 1 1 1 0 1 0 1 1 1 1 844 
0 1 1 1 1 1 1 1 0 1 1 1 0 1 0 1 1 1 1 844 
0 1 1 1 1 1 1 1 0 1 1 1 0 1 0 1 1 1 1 844 
1 1 1 1 0 0 1 1 0 1 1 0 0 0 1 0 1 0 0 596 
0 1 0 1 1 1 0 1 0 0 1 1 1 1 1 0 0 0 1 501 
0 0 1 1 0 1 0 1 0 0 0 0 1 0 0 1 1 0 1 370 
0 1 1 1 1 1 1 1 0 1 1 1 1 1 0 1 1 0 0 736 
1 0 1 0 0 0 0 0 0 1 1 1 0 0 1 0 1 1 1 583 
0 0 1 1 0 1 1 1 0 1 0 1 1 1 0 0 0 0 0 489 
0 0 0 1 1 0 1 1 0 1 1 1 0 0 1 1 1 1 1 651 

GEN 27
FIT_MEAN 646.9
0 1 1 1 1 1 1 1 0 1 1 1 0 1 0 1 1 1 1 844 
0 1 1 1 1 1 1 1 0 1 1 1 0 1 0 1 1 1 1 844 
0 1 1 1 1 1 1 1 0 1 1 1 0 1 0 1 1 1 1 844 
1 1 1 1 0 0 1 1 0 1 1 0 0 0 1 0 1 0 0 596 
0 1 0 1 1 1 0 1 0 0 1 1 1 1 1 0 0 0 1 501 
0 0 1 1 0 1 0 1 0 0 0 0 1 1 0 1 1 0 1 397 
0 1 1 1 1 1 1 1 0 1 1 0 1 1 0 1 1 0 0 670 
1 0 1 0 0 0 0 0 0 1 1 1 0 0 1 0 1 1 1 583 
0 0 1 1 0 1 1 1 0 1 0 1 1 1 0 0 0 0 1 539 
0 0 0 1 1 0 1 1 0 1 1 1 0 0 1 1 1 1 1 651 

GEN 28
FIT_MEAN 650.6
0 1 1 1 1 1 1 1 0 1 1 1 0 1 0 1 1 1 1 844 
0 1 1 1 1 1 1 1 0 1 1 1 0 1 0 1 1 1 1 844 
0 1 1 1 1 1 1 1 0 1 1 1 0 1 0 1 1 1 1 844 
1 1 1 1 0 0 1 1 0 1 1 0 0 0 1 0 1 0 0 596 
0 1 0 1 1 1 0 1 0 0 1 1 1 1 1 0 0 0 1 501 
0 0 1 1 0 1 0 1 1 0 0 0 1 1 0 1 1 0 1 434 
0 1 1 1 1 1 1 1 0 1 1 0 1 1 0 1 1 0 0 670 
1 0 1 0 0 0 0 0 0 1 1 1 0 0 1 0 1 1 1 583 
0 0 1 1 0 1 1 1 0 1 0 1 1 1 0 0 0 0 1 539 
0 0 0 1 1 0 1 1 0 1 1 1 0 0 1 1 1 1 1 651 

GEN 29
FIT_MEAN 644
0 1 1 1 1 1 1 1 0 1 1 1 0 1 0 1 1 1 1 844 
0 1 1 1 1 1 1 1 0 1 1 1 0 1 0 1 1 1 1 844 
0 1 1 1 1 1 1 1 0 1 1 1 0 1 0 1 1 1 1 844 
1 1 1 1 0 0 1 1 0 1 1 0 0 0 1 0 1 0 0 596 
0 1 0 1 1 1 0 1 0 0 1 1 1 1 1 0 0 0 1 501 
0 0 1 1 0 1 0 1 1 0 0 0 1 1 0 1 1 0 1 434 
0 1 1 1 1 1 1 1 0 1 1 0 1 1 0 1 1 0 0 670 
1 0 1 0 0 0 0 0 0 1 1 1 0 0 1 0 1 1 1 583 
0 0 1 1 0 1 1 1 0 1 0 0 1 1 0 0 0 0 1 473 
0 0 0 1 1 0 1 1 0 1 1 1 0 0 1 1 1 1 1 651 

GEN 30
FIT_MEAN 644
0 1 1 1 1 1 1 1 0 1 1 1 0 1 0 1 1 1 1 844 
0 1 1 1 1 1 1 1 0 1 1 1 0 1 0 1 1 1 1 844 
0 1 1 1 1 1 1 1 0 1 1 1 0 1 0 1 1 1 1 844 
1 1 1 1 0 0 1 1 0 1 1 0 0 0 1 0 1 0 0 596 
0 1 0 1 1 1 0 1 0 0 1 1 1 1 1 0 0 0 1 501 
0 0 1 1 0 1 0 1 1 0 0 0 1 1 0 1 1 0 1 434 
0 1 1 1 1 1 1 1 0 1 1 0 1 1 0 1 1 0 0 670 
1 0 1 0 0 0 0 0 0 1 1 1 0 0 1 0 1 1 1 583 
0 0 1 1 0 1 1 1 0 1 0 0 1 1 0 0 0 0 1 473 
0 0 0 1 1 0 1 1 0 1 1 1 0 0 1 1 1 1 1 651 

GEN 31
FIT_MEAN 623.6
0 1 1 1 1 1 1 1 0 1 1 1 0 1 0 1 1 1 1 844 
0 1 1 1 1 1 1 1 0 1 1 1 0 1 0 1 1 1 1 844 
0 1 1 1 1 1 1 1 0 1 1 1 0 1 0 1 1 1 1 844 
1 0 1 1 0 0 1 1 0 1 1 0 0 0 1 0 1 0 0 547 
0 1 0 1 1 1 0 1 0 0 1 1 1 1 1 0 0 0 1 501 
0 0 1 1 0 1 0 1 1 0 0 0 1 1 0 1 1 0 1 434 
0 1 1 1 1 1 1 1 0 1 0 0 1 1 0 1 1 0 0 615 
1 0 0 0 0 0 0 0 0 1 1 1 0 0 1 0 1 1 1 483 
0 0 1 1 0 1 1 1 0 1 0 0 1 1 0 0 0 0 1 473 
0 0 0 1 1 0 1 1 0 1 1 1 0 0 1 1 1 1 1 651 

GEN 32
FIT_MEAN 620.9
0 1 1 1 1 1 1 1 0 1 1 1 0 1 0 1 1 1 1 844 
0 1 1 1 1 1 1 1 0 1 1 1 0 1 0 1 1 1 1 844 
0 1 1 1 1 1 1 1 0 1 1 1 0 1 0 1 1 1 1 844 
1 0 1 1 0 0 1 1 0 1 1 0 0 0 1 0 1 0 0 547 
0 1 0 1 1 1 0 1 0 0 1 1 1 1 1 0 0 0 1 501 
0 0 1 1 0 1 0 1 1 0 0 0 1 1 0 1 1 0 1 434 
0 1 1 1 1 1 1 1 0 1 0 0 1 1 0 1 1 0 0 615 
1 0 0 0 0 0 0 0 0 1 1 1 0 0 1 0 1 1 1 483 
0 0 1 1 0 1 1 1 0 1 0 0 1 0 0 0 0 0 1 446 
0 0 0 1 1 0 1 1 0 1 1 1 0 0 1 1 1 1 1 651 

GEN 33
FIT_MEAN 636
0 1 1 1 1 1 1 1 0 1 1 1 0 1 0 1 1 1 1 844 
0 1 1 1 1 1 1 1 0 1 1 1 0 1 0 1 1 1 1 844 
0 1 1 1 1 1 1 1 0 1 1 1 0 1 0 1 1 1 1 844 
1 0 1 1 0 0 1 1 0 1 1 0 0 0 1 0 1 0 0 547 
1 1 0 1 1 1 0 1 0 0 1 1 1 1 1 0 0 0 1 597 
0 0 1 1 0 1 0 1 1 0 0 0 1 1 0 1 1 0 1 434 
0 1 1 1 1 1 1 1 0 1 1 0 1 1 0 1 1 0 0 670 
1 0 0 0 0 0 0 0 0 1 1 1 0 0 1 0 1 1 1 483 
0 0 1 1 0 1 1 1 0 1 0 0 1 0 0 0 0 0 1 446 
0 0 0 1 1 0 1 1 0 1 1 1 0 0 1 1 1 1 1 651 

GEN 34
FIT_MEAN 635.4
0 1 1 1 1 1 1 1 0 1 1 1 0 1 0 1 1 1 1 844 
0 1 1 1 1 1 1 1 0 1 1 1 0 1 0 1 1 1 1 844 
0 1 1 1 1 1 1 1 0 1 1 1 0 1 0 1 1 1 1 844 
1 0 1 1 0 0 1 1 0 1 1 0 0 1 1 0 1 0 0 574 
1 1 0 1 1 1 0 1 0 0 1 1 1 1 1 0 0 0 1 597 
0 0 1 1 0 1 1 1 1 0 0 0 1 1 0 1 1 0 1 517 
0 1 1 1 1 1 1 1 0 1 1 0 1 1 0 1 1 0 0 670 
1 0 0 0 0 0 0 0 0 1 1 0 0 0 1 0 1 1 1 417 
0 0 1 1 0 1 1 1 0 1 0 0 1 0 0 0 0 0 0 396 
0 0 0 1 1 0 1 1 0 1 1 1 0 0 1 1 1 1 1 651 

GEN 35
FIT_MEAN 637.1
0 1 1 1 1 1 1 1 0 1 1 1 0 1 0 1 1 1 1 844 
0 1 1 1 1 1 1 1 0 1 1 1 0 1 0 1 1 1 1 844 
0 1 1 1 1 1 1 1 0 1 1 1 0 1 0 1 1 1 1 844 
1 0 1 1 0 0 1 1 0 1 1 0 0 1 1 0 1 0 0 574 
1 1 0 1 1 1 0 1 0 0 1 1 1 1 1 0 0 0 1 597 
0 0 1 1 0 1 1 1 1 0 0 0 1 1 0 1 1 0 1 517 
0 1 1 1 1 1 1 1 0 1 1 0 1 1 1 1 1 0 0 687 
1 0 0 0 0 0 0 0 0 1 1 0 0 0 1 0 1 1 1 417 
0 0 1 1 0 1 1 1 0 1 0 0 1 0 0 0 0 0 0 396 
0 0 0 1 1 0 1 1 0 1 1 1 0 0 1 1 1 1 1 651 

GEN 36
FIT_MEAN 644.2
0 1 1 1 1 1 1 1 0 1 1 1 0 1 0 1 1 1 1 844 
0 1 1 1 1 1 1 1 0 1 1 1 0 1 0 1 1 1 1 844 
0 1 1 1 1 1 1 1 0 1 1 1 0 1 0 1 1 1 1 844 
1 0 1 1 0 0 1 1 0 1 1 0 0 1 1 0 1 0 0 574 
1 1 0 1 1 1 1 1 0 0 1 1 1 1 1 0 0 0 1 680 
0 0 1 1 0 1 1 1 1 0 0 0 1 1 0 1 1 0 1 517 
0 1 1 1 1 1 1 1 0 1 1 0 1 1 1 1 1 0 0 687 
1 0 0 0 0 0 0 0 0 1 1 0 0 0 1 0 1 1 1 417 
0 0 1 1 0 1 1 1 0 1 0 0 1 0 0 0 0 0 0 396 
0 0 0 1 1 0 1 1 0 1 1 1 0 0 1 0 1 1 1 639 

GEN 37
FIT_MEAN 623.6
0 1 1 1 1 1 1 1 0 1 1 1 0 1 0 1 1 1 1 844 
0 1 1 1 1 1 1 1 0 1 1 1 0 1 0 1 1 1 1 844 
0 1 1 1 1 1 1 1 0 1 1 1 0 1 0 1 1 1 1 844 
1 0 1 1 0 0 1 1 0 1 1 0 0 1 1 0 1 0 0 574 
1 1 0 1 1 1 1 1 0 0 0 1 1 1 1 0 0 0 1 625 
0 0 1 1 0 1 1 1 1 0 0 0 1 1 0 1 1 0 1 517 
0 1 1 1 1 1 1 1 0 1 1 0 1 1 1 1 1 0 0 687 
1 0 0 0 0 0 0 0 0 1 1 0 0 0 1 0 1 1 1 417 
0 0 0 1 0 1 1 1 0 1 0 0 1 0 0 0 0 0 0 296 
0 0 0 1 1 0 1 1 0 1 1 1 0 0 1 0 0 1 1 588 

GEN 38
FIT_MEAN 623.6
0 1 1 1 1 1 1 1 0 1 1 1 0 1 0 1 1 1 1 844 
0 1 1 1 1 1 1 1 0 1 1 1 0 1 0 1 1 1 1 844 
0 1 1 1 1 1 1 1 0 1 1 1 0 1 0 1 1 1 1 844 
1 0 1 1 0 0 1 1 0 1 1 0 0 1 1 0 1 0 0 574 
1 1 0 1 1 1 1 1 0 0 0 1 1 1 1 0 0 0 1 625 
0 0 1 1 0 1 1 1 1 0 0 0 1 1 0 1 1 0 1 517 
0 1 1 1 1 1 1 1 0 1 1 0 1 1 1 1 1 0 0 687 
1 0 0 0 0 0 0 0 0 1 1 0 0 0 1 0 1 1 1 417 
0 0 0 1 0 1 1 1 0 1 0 0 1 0 0 0 0 0 0 296 
0 0 0 1 1 0 1 1 0 1 1 1 0 0 1 0 0 1 1 588 

GEN 39
FIT_MEAN 612.9
0 1 1 1 1 1 1 1 0 1 1 1 0 1 0 1 1 1 1 844 
0 1 1 1 1 1 1 1 0 1 1 1 0 1 0 1 1 1 1 844 
0 1 1 1 1 1 1 1 0 1 1 1 0 1 0 1 1 1 1 844 
1 0 1 1 0 0 1 1 0 1 0 0 0 1 1 0 1 0 0 519 
1 1 0 0 1 1 1 1 0 0 0 1 1 1 1 0 0 0 1 607 
0 0 1 1 0 1 1 1 1 0 0 0 1 1 0 1 1 0 1 517 
0 1 1 1 1 0 1 1 0 1 1 0 1 1 1 1 1 0 0 653 
1 0 0 0 0 0 0 0 0 1 1 0 0 0 1 0 1 1 1 417 
0 0 0 1 0 1 1 1 0 1 0 0 1 0 0 0 0 0 0 296 
0 0 0 1 1 0 1 1 0 1 1 1 0 0 1 0 0 1 1 588 

GEN 40
FIT_MEAN 597.4
0 1 1 1 1 1 1 1 0 1 1 1 0 1 0 1 1 1 1 844 
0 1 1 1 1 1 1 1 0 1 1 1 0 1 0 1 1 1 1 844 
0 1 1 1 1 1 1 1 0 1 1 1 0 1 0 1 1 1 1 844 
1 0 1 1 0 0 1 1 0 1 0 0 0 1 1 0 1 0 0 519 
1 1 0 0 1 1 1 1 0 0 0 1 1 1 1 0 0 0 1 607 
0 0 0 1 0 1 1 1 1 0 0 0 1 1 0 1 1 0 1 417 
0 1 1 1 1 0 1 1 0 1 1 0 1 1 1 1 1 0 0 653 
1 0 0 0 0 0 0 0 0 1 0 0 0 0 1 0 1 1 1 362 
0 0 0 1 0 1 1 1 0 1 0 0 1 0 0 0 0 0 0 296 
0 0 0 1 1 0 1 1 0 1 1 1 0 0 1 0 0 1 1 588 

GEN 41
FIT_MEAN 611
0 1 1 1 1 1 1 1 0 1 1 1 0 1 0 1 1 1 1 844 
0 1 1 1 1 1 1 1 0 1 1 1 0 1 0 1 1 1 1 844 
0 1 1 1 1 1 1 1 0 1 1 1 0 1 0 1 1 1 1 844 
1 0 1 1 0 0 1 1 0 1 0 0 0 1 1 0 1 0 0 519 
1 1 0 0 1 1 1 1 0 0 0 1 1 1 1 0 0 1 1 699 
0 0 0 1 0 1 1 1 1 0 0 0 1 1 1 1 1 0 1 434 
0 1 1 1 1 0 1 1 0 1 1 0 1 1 1 1 1 0 0 653 
1 0 0 0 0 0 0 0 0 1 0 0 0 1 1 0 1 1 1 389 
0 0 0 1 0 1 1 1 0 1 0 0 1 0 0 0 0 0 0 296 
0 0 0 1 1 0 1 1 0 1 1 1 0 0 1 0 0 1 1 588 

GEN 42
FIT_MEAN 602.2
0 1 1 1 1 1 1 1 0 1 1 1 0 1 0 1 1 1 1 844 
0 1 1 1 1 1 1 1 0 1 1 1 0 1 0 1 1 1 1 844 
0 1 1 1 1 1 1 1 0 1 1 1 0 1 0 1 1 1 1 844 
1 0 1 1 0 0 1 1 0 1 0 0 0 1 1 0 1 0 0 519 
1 1 0 0 1 1 1 1 0 0 0 1 1 1 1 0 0 1 1 699 
0 0 0 1 0 1 1 1 1 0 0 0 1 1 1 1 1 0 1 434 
0 1 1 1 1 0 1 1 0 1 1 0 1 1 0 1 1 0 0 636 
1 0 0 0 0 0 0 0 0 1 0 0 0 1 1 0 1 1 1 389 
0 0 0 1 0 1 1 1 0 1 0 0 1 0 0 0 0 0 0 296 
0 0 0 1 1 0 1 0 0 1 1 1 0 0 1 0 0 1 1 517 

GEN 43
FIT_MEAN 602.2
0 1 1 1 1 1 1 1 0 1 1 1 0 1 0 1 1 1 1 844 
0 1 1 1 1 1 1 1 0 1 1 1 0 1 0 1 1 1 1 844 
0 1 1 1 1 1 1 1 0 1 1 1 0 1 0 1 1 1 1 844 
1 0 1 1 0 0 1 1 0 1 0 0 0 1 1 0 1 0 0 519 
1 1 0 0 1 1 1 1 0 0 0 1 1 1 1 0 0 1 1 699 
0 0 0 1 0 1 1 1 1 0 0 0 1 1 1 1 1 0 1 434 
0 1 1 1 1 0 1 1 0 1 1 0 1 1 0 1 1 0 0 636 
1 0 0 0 0 0 0 0 0 1 0 0 0 1 1 0 1 1 1 389 
0 0 0 1 0 1 1 1 0 1 0 0 1 0 0 0 0 0 0 296 
0 0 0 1 1 0 1 0 0 1 1 1 0 0 1 0 0 1 1 517 

GEN 44
FIT_MEAN 603.4
0 1 1 1 1 1 1 1 0 1 1 1 0 1 0 1 1 1 1 844 
0 1 1 1 1 1 1 1 0 1 1 1 0 1 0 1 1 1 1 844 
0 1 1 1 1 1 1 1 0 1 1 1 0 1 0 1 1 1 1 844 
1 0 1 1 0 0 1 1 0 1 0 0 0 1 1 0 1 0 0 519 
1 1 0 0 1 1 1 1 0 1 0 1 1 1 1 0 0 1 1 755 
0 0 0 1 0 1 1 1 1 0 0 0 1 1 1 1 1 0 1 434 
0 1 1 1 1 0 1 1 0 1 1 0 1 1 0 1 1 0 0 636 
1 0 0 0 0 0 0 0 0 1 0 0 0 1 1 0 1 1 1 389 
0 0 0 1 0 1 1 0 0 1 0 0 1 0 0 0 0 0 0 225 
0 0 0 1 1 0 1 0 0 1 1 1 0 1 1 0 0 1 1 544 

GEN 45
FIT_MEAN 588.5
0 1 1 1 1 1 1 1 0 1 1 1 0 1 0 1 1 1 1 844 
0 1 1 1 1 1 1 1 0 1 1 1 0 1 0 1 1 1 1 844 
0 1 1 1 1 1 1 1 0 1 1 1 0 1 0 1 1 1 1 844 
1 0 1 1 0 0 1 1 0 1 0 0 0 1 1 0 1 0 0 519 
1 1 0 0 1 1 1 1 0 1 0 1 1 1 1 0 0 1 1 755 
0 0 0 1 0 1 1 1 1 0 0 0 1 1 1 1 1 0 1 434 
0 1 1 1 1 0 0 1 0 1 1 0 1 1 0 1 1 0 0 553 
1 0 0 0 0 0 0 0 0 1 0 0 0 1 1 0 1 1 1 389 
0 0 0 1 0 1 1 0 0 1 0 0 1 0 0 0 0 0 0 225 
0 0 0 1 1 0 1 0 0 1 1 0 0 1 1 0 0 1 1 478 

GEN 46
FIT_MEAN 579.3
0 1 1 1 1 1 1 1 0 1 1 1 0 1 0 1 1 1 1 844 
0 1 1 1 1 1 1 1 0 1 1 1 0 1 0 1 1 1 1 844 
0 1 1 1 1 1 1 1 0 1 1 1 0 1 0 1 1 1 1 844 
1 0 1 1 0 0 1 1 0 1 0 0 0 1 1 0 1 0 0 519 
1 1 0 0 1 1 1 1 0 1 0 1 1 1 1 0 0 0 1 663 
0 0 0 1 0 1 1 1 1 0 0 0 1 1 1 1 1 0 1 434 
0 1 1 1 1 0 0 1 0 1 1 0 1 1 0 1 1 0 0 553 
1 0 0 0 0 0 0 0 0 1 0 0 0 1 1 0 1 1 1 389 
0 0 0 1 0 1 1 0 0 1 0 0 1 0 0 0 0 0 0 225 
0 0 0 1 1 0 1 0 0 1 1 0 0 1 1 0 0 1 1 478 

GEN 47
FIT_MEAN 588.6
0 1 1 1 1 1 1 1 0 1 1 1 0 1 0 1 1 1 1 844 
0 1 1 1 1 1 1 1 0 1 1 1 0 1 0 1 1 1 1 844 
0 1 1 1 1 1 1 1 0 1 1 1 0 1 0 1 1 1 1 844 
1 0 1 1 0 0 1 1 0 1 0 0 0 1 1 0 1 0 0 519 
1 1 0 0 1 1 1 1 0 1 0 1 1 1 1 0 0 0 1 663 
0 0 0 1 0 1 1 1 1 1 0 0 1 1 1 1 1 0 1 490 
0 1 1 1 1 0 0 1 0 1 1 0 1 1 0 1 1 0 0 553 
1 0 0 0 0 0 0 0 1 1 0 0 0 1 1 0 1 1 1 426 
0 0 0 1 0 1 1 0 0 1 0 0 1 0 0 0 0 0 0 225 
0 0 0 1 1 0 1 0 0 1 1 0 0 1 1 0 0 1 1 478 

GEN 48
FIT_MEAN 585.3
0 1 1 1 1 1 1 1 0 1 1 1 0 1 0 1 1 1 1 844 
0 1 1 1 1 1 1 1 0 1 1 1 0 1 0 1 1 1 1 844 
0 1 1 1 1 1 1 1 0 1 1 1 0 1 0 1 1 1 1 844 
1 0 1 1 0 0 1 1 0 1 0 0 0 1 1 0 1 0 0 519 
1 1 0 0 1 1 1 1 0 1 0 1 1 1 1 0 0 0 1 663 
0 0 0 1 0 1 1 1 1 1 0 0 1 1 1 1 1 0 1 490 
0 1 1 1 1 0 0 1 0 1 1 0 1 1 1 1 1 0 0 570 
1 0 0 0 0 0 0 0 1 1 0 0 0 1 1 0 1 1 0 376 
0 0 0 1 0 1 1 0 0 1 0 0 1 0 0 0 0 0 0 225 
0 0 0 1 1 0 1 0 0 1 1 0 0 1 1 0 0 1 1 478 

GEN 49
FIT_MEAN 593.7
0 1 1 1 1 1 1 1 0 1 1 1 0 1 0 1 1 1 1 844 
0 1 1 1 1 1 1 1 0 1 1 1 0 1 0 1 1 1 1 844 
0 1 1 1 1 1 1 1 0 1 1 1 0 1 0 1 1 1 1 844 
1 0 1 1 0 0 1 1 0 1 0 0 0 1 1 0 1 0 0 519 
0 1 0 0 1 1 1 1 0 1 0 1 1 1 1 0 0 0 1 567 
0 0 1 1 0 1 1 1 1 1 0 0 1 1 1 1 1 0 1 590 
0 1 1 1 1 0 0 1 0 1 1 0 1 1 1 1 1 0 0 570 
1 0 0 0 0 0 0 0 1 1 0 0 0 1 1 0 1 1 0 376 
0 0 0 1 1 1 1 0 0 1 0 0 1 0 0 0 0 0 0 305 
0 0 0 1 1 0 1 0 0 1 1 0 0 1 1 0 0 1 1 478 

GEN 50
FIT_MEAN 592.4
0 1 1 1 1 1 1 1 0 1 1 1 0 1 0 1 1 1 1 844 
0 1 1 1 1 1 1 1 0 1 1 1 0 1 0 1 1 1 1 844 
0 1 1 1 1 1 1 1 0 1 1 1 0 1 0 1 1 1 1 844 
1 0 1 1 0 0 1 1 0 1 0 0 0 1 1 1 1 0 0 531 
0 1 0 0 1 1 1 1 0 1 0 1 1 1 1 0 0 0 1 567 
0 0 1 1 0 1 1 1 0 1 0 0 1 1 1 1 1 0 1 553 
0 1 1 1 1 0 0 1 0 1 1 0 1 1 1 1 0 0 0 519 
1 0 0 0 0 0 0 0 0 1 0 0 0 1 1 0 1 1 0 339 
0 0 0 1 1 1 1 0 0 1 0 0 1 0 0 0 0 0 0 305 
0 0 1 1 1 0 1 0 0 1 1 0 0 1 1 0 0 1 1 578 

GEN 51
FIT_MEAN 602.4
0 1 1 1 1 1 1 1 0 1 1 1 0 1 0 1 1 1 1 844 
0 1 1 1 1 1 1 1 0 1 1 1 0 1 0 1 1 1 1 844 
0 1 1 1 1 1 1 1 0 1 1 1 0 1 0 1 1 1 1 844 
1 0 1 1 0 0 1 1 0 1 0 0 0 1 1 1 1 0 0 531 
0 1 1 0 1 1 1 1 0 1 0 1 1 1 1 0 0 0 1 667 
0 0 1 1 0 1 1 1 0 1 0 0 1 1 1 1 1 0 1 553 
0 1 1 1 1 0 0 1 0 1 1 0 1 1 1 1 0 0 0 519 
1 0 0 0 0 0 0 0 0 1 0 0 0 1 1 0 1 1 0 339 
0 0 0 1 1 1 1 0 0 1 0 0 1 0 0 0 0 0 0 305 
0 0 1 1 1 0 1 0 0 1 1 0 0 1 1 0 0 1 1 578 

GEN 52
FIT_MEAN 595.8
0 1 1 1 1 1 1 1 0 1 1 1 0 1 0 1 1 1 1 844 
0 1 1 1 1 1 1 1 0 1 1 1 0 1 0 1 1 1 1 844 
0 1 1 1 1 1 1 1 0 1 1 1 0 1 0 1 1 1 1 844 
1 0 1 1 0 0 1 1 0 1 0 0 0 1 1 1 1 0 0 531 
0 1 1 0 1 1 1 1 0 1 0 1 1 1 1 0 0 0 1 667 
0 0 0 1 0 1 1 1 0 1 0 0 1 1 1 1 1 0 1 453 
0 1 1 1 1 0 0 1 0 1 1 0 1 1 1 1 0 0 0 519 
1 0 0 0 0 0 0 0 0 1 0 0 0 1 1 0 1 1 0 339 
0 0 0 1 1 1 1 0 0 1 0 0 1 0 0 0 0 0 0 305 
0 0 1 1 1 0 1 0 0 1 1 0 1 1 1 0 0 1 1 612 

GEN 53
FIT_MEAN 598.1
0 1 1 1 1 1 1 1 0 1 1 1 0 1 0 1 1 1 1 844 
0 1 1 1 1 1 1 1 0 1 1 1 0 1 0 1 1 1 1 844 
0 1 1 1 1 1 1 1 0 1 1 1 0 1 0 1 1 1 1 844 
1 0 1 1 0 0 1 1 0 1 0 0 0 1 1 0 1 0 0 519 
0 1 1 0 1 1 1 0 0 1 0 1 1 1 1 0 0 0 1 596 
0 0 0 1 0 1 1 1 0 1 1 0 1 1 1 1 1 0 1 508 
0 1 1 1 1 0 0 1 0 1 1 0 1 1 1 1 0 0 0 519 
1 0 0 0 0 0 0 0 0 1 0 0 0 1 1 0 1 1 0 339 
0 0 0 1 1 1 1 0 0 1 0 0 1 0 0 0 0 0 0 305 
0 0 1 1 1 0 1 0 0 1 1 0 1 1 1 0 1 1 1 663 

GEN 54
FIT_MEAN 581.5
0 1 1 1 1 1 1 1 0 1 1 1 0 1 0 1 1 1 1 844 
0 1 1 1 1 1 1 1 0 1 1 1 0 1 0 1 1 1 1 844 
0 1 1 1 1 1 1 1 0 1 1 1 0 1 0 1 1 1 1 844 
1 0 1 1 0 0 0 1 0 1 0 0 0 1 1 0 1 0 0 436 
0 1 1 0 1 1 1 0 0 1 0 1 1 1 1 0 0 0 1 596 
0 0 0 1 0 1 1 1 0 1 1 0 1 1 1 1 1 0 1 508 
0 1 1 1 1 0 0 1 0 1 1 0 1 1 1 1 0 0 0 519 
1 0 0 0 0 0 0 0 0 1 0 0 0 1 1 0 1 1 0 339 
0 0 0 1 1 1 0 0 0 1 0 0 1 0 0 0 0 0 0 222 
0 0 1 1 1 0 1 0 0 1 1 0 1 1 1 0 1 1 1 663 

GEN 55
FIT_MEAN 575.5
0 1 1 1 1 1 1 1 0 1 1 1 0 1 0 1 1 1 1 844 
0 1 1 1 1 1 1 1 0 1 1 1 0 1 0 1 1 1 1 844 
0 1 1 1 1 1 1 1 0 1 1 1 0 1 0 1 1 1 1 844 
1 0 1 1 0 0 0 1 1 1 0 0 0 1 1 0 1 0 0 473 
0 1 1 0 1 1 1 0 0 1 0 1 1 1 1 0 0 0 1 596 
0 0 0 1 0 1 1 1 0 1 1 0 1 1 0 1 1 0 1 491 
0 1 1 1 1 0 0 1 0 1 1 0 1 1 1 1 0 0 0 519 
1 0 0 0 0 0 0 0 0 1 0 0 0 1 1 0 1 1 0 339 
0 0 0 1 1 1 0 0 0 1 0 0 1 0 0 0 0 0 0 222 
0 0 1 1 0 0 1 0 0 1 1 0 1 1 1 0 1 1 1 583 

GEN 56
FIT_MEAN 585.8
0 1 1 1 1 1 1 1 0 1 1 1 0 1 0 1 1 1 1 844 
0 1 1 1 1 1 1 1 0 1 1 1 0 1 0 1 1 1 1 844 
0 1 1 1 1 1 1 1 0 1 1 1 0 1 0 1 1 1 1 844 
1 0 1 1 0 0 0 1 1 1 0 1 0 1 1 0 1 0 0 539 
0 1 1 0 1 1 1 0 1 1 0 1 1 1 1 0 0 0 1 633 
0 0 0 1 0 1 1 1 0 1 1 0 1 1 0 1 1 0 1 491 
0 1 1 1 1 0 0 1 0 1 1 0 1 1 1 1 0 0 0 519 
1 0 0 0 0 0 0 0 0 1 0 0 0 1 1 0 1 1 0 339 
0 0 0 1 1 1 0 0 0 1 0 0 1 0 0 0 0 0 0 222 
0 0 1 1 0 0 1 0 0 1 1 0 1 1 1 0 1 1 1 583 

GEN 57
FIT_MEAN 589.6
0 1 1 1 1 1 1 1 0 1 1 1 0 1 0 1 1 1 1 844 
0 1 1 1 1 1 1 1 0 1 1 1 0 1 0 1 1 1 1 844 
0 1 1 1 1 1 1 1 0 1 1 1 0 1 0 1 1 1 1 844 
1 0 1 1 0 0 0 1 1 1 1 1 0 1 1 0 1 0 0 594 
0 1 1 0 1 1 1 0 1 1 0 1 1 1 1 0 0 0 1 633 
0 0 0 1 0 1 1 1 0 1 1 0 1 1 0 1 1 0 1 491 
0 1 1 1 1 0 0 1 0 1 1 0 1 1 1 1 0 0 0 519 
1 0 0 0 0 0 0 0 0 1 0 0 0 1 0 0 1 1 0 322 
0 0 0 1 1 1 0 0 0 1 0 0 1 0 0 0 0 0 0 222 
0 0 1 1 0 0 1 0 0 1 1 0 1 1 1 0 1 1 1 583 

GEN 58
FIT_MEAN 567.3
0 1 1 1 1 1 1 1 0 1 1 1 0 1 0 1 1 1 1 844 
0 1 1 1 1 1 1 1 0 1 1 1 0 1 0 1 1 1 1 844 
0 1 1 1 1 1 1 1 0 1 1 1 0 1 0 1 1 1 1 844 
1 0 0 1 0 0 0 1 1 1 1 1 0 1 1 0 1 0 0 494 
0 0 1 0 1 1 1 0 1 1 0 1 1 1 1 0 0 0 1 584 
0 0 0 1 0 1 1 1 1 1 1 0 1 1 0 1 1 0 1 528 
0 1 1 1 1 0 0 1 0 1 0 0 1 1 1 1 0 0 0 464 
1 0 0 0 0 0 0 0 0 1 0 0 0 1 0 0 1 1 0 322 
0 0 0 1 1 1 0 0 0 0 0 0 1 0 0 0 0 0 0 166 
0 0 1 1 0 0 1 0 0 1 1 0 1 1 1 0 1 1 1 583 

GEN 59
FIT_MEAN 586.1
0 1 1 1 1 1 1 1 0 1 1 1 0 1 0 1 1 1 1 844 
0 1 1 1 1 1 1 1 0 1 1 1 0 1 0 1 1 1 1 844 
0 1 1 1 1 1 1 1 0 1 1 1 0 1 0 1 1 1 1 844 
1 0 0 1 0 0 0 1 1 1 1 1 0 1 1 0 1 0 0 494 
0 0 1 0 1 1 1 1 1 1 0 1 1 1 1 0 0 0 1 655 
0 0 0 1 0 1 1 1 1 1 1 0 1 1 0 1 1 0 1 528 
0 1 1 1 1 0 0 1 1 1 0 0 1 1 1 1 0 0 0 501 
1 0 0 0 1 0 0 0 0 1 0 0 0 1 0 0 1 1 0 402 
0 0 0 1 1 1 0 0 0 0 0 0 1 0 0 0 0 0 0 166 
0 0 1 1 0 0 1 0 0 1 1 0 1 1 1 0 1 1 1 583 

GEN 60
FIT_MEAN 591.1
0 1 1 1 1 1 1 1 0 1 1 1 0 1 0 1 1 1 1 844 
0 1 1 1 1 1 1 1 0 1 1 1 0 1 0 1 1 1 1 844 
0 1 1 1 1 1 1 1 0 1 1 1 0 1 0 1 1 1 1 844 
1 0 0 1 0 0 0 1 1 1 1 1 0 1 1 0 1 0 0 494 
0 0 1 0 1 1 1 1 1 1 0 1 1 1 1 0 0 0 1 655 
0 0 0 1 0 1 1 1 1 1 1 0 1 1 0 1 1 0 1 528 
0 1 1 1 1 0 0 1 1 1 0 0 1 1 1 1 0 0 1 551 
1 0 0 0 1 0 0 0 0 1 0 0 0 1 0 0 1 1 0 402 
0 0 0 1 1 1 0 0 0 0 0 0 1 0 0 0 0 0 0 166 
0 0 1 1 0 0 1 0 0 1 1 0 1 1 1 0 1 1 1 583 

GEN 61
FIT_MEAN 592.2
0 1 1 1 1 1 1 1 0 1 1 1 0 1 0 1 1 1 1 844 
0 1 1 1 1 1 1 1 0 1 1 1 0 1 0 1 1 1 1 844 
0 1 1 1 1 1 1 1 0 1 1 1 0 1 0 1 1 1 1 844 
1 0 0 1 0 0 0 0 1 1 1 1 0 1 1 0 1 0 0 423 
0 0 1 0 1 1 1 1 1 1 0 1 1 1 1 0 1 0 1 706 
0 0 0 1 0 1 1 1 1 1 1 0 1 1 0 1 1 0 1 528 
0 1 1 1 1 0 0 1 0 1 0 0 1 1 1 1 0 0 1 514 
1 0 0 0 1 0 0 0 0 1 0 0 0 1 0 0 1 1 0 402 
0 0 0 1 1 1 0 0 0 1 0 0 1 0 0 0 0 0 0 222 
0 0 1 1 0 0 1 0 0 1 1 0 1 1 1 1 1 1 1 595 

GEN 62
FIT_MEAN 600.5
0 1 1 1 1 1 1 1 0 1 1 1 0 1 0 1 1 1 1 844 
0 1 1 1 1 1 1 1 0 1 1 1 0 1 0 1 1 1 1 844 
0 1 1 1 1 1 1 1 0 1 1 1 0 1 0 1 1 1 1 844 
1 0 1 1 0 0 0 0 1 1 1 1 0 1 1 0 1 0 0 523 
0 0 1 0 1 1 1 1 1 1 0 1 1 1 0 0 1 0 1 689 
0 0 0 1 0 1 1 1 1 1 1 0 1 1 0 1 1 0 1 528 
0 1 1 1 1 0 0 1 0 1 0 0 1 1 1 1 0 0 1 514 
1 0 0 0 1 0 0 0 0 1 0 0 0 1 0 0 1 1 0 402 
0 0 0 1 1 1 0 0 0 1 0 0 1 0 0 0 0 0 0 222 
0 0 1 1 0 0 1 0 0 1 1 0 1 1 1 1 1 1 1 595 

GEN 63
FIT_MEAN 597.1
0 1 1 1 1 1 1 1 0 1 1 1 0 1 0 1 1 1 1 844 
0 1 1 1 1 1 1 1 0 1 1 1 0 1 0 1 1 1 1 844 
0 1 1 1 1 1 1 1 0 1 1 1 0 1 0 1 1 1 1 844 
1 0 1 1 0 0 0 0 1 1 1 1 0 1 1 0 1 0 0 523 
0 0 1 0 1 1 1 1 1 1 0 1 1 1 0 0 1 0 1 689 
0 0 0 1 0 1 1 1 1 1 1 0 1 1 0 1 1 0 1 528 
0 1 1 1 1 0 0 1 0 1 0 0 1 1 1 1 0 0 1 514 
1 0 0 0 1 0 0 0 0 1 0 0 0 1 0 0 1 1 0 402 
0 0 0 1 1 0 0 0 0 1 0 0 1 0 0 0 0 0 0 188 
0 0 1 1 0 0 1 0 0 1 1 0 1 1 1 1 1 1 1 595 

GEN 64
FIT_MEAN 609
0 1 1 1 1 1 1 1 0 1 1 1 0 1 0 1 1 1 1 844 
0 1 1 1 1 1 1 1 0 1 1 1 0 1 0 1 1 1 1 844 
0 1 1 1 1 1 1 1 0 1 1 1 0 1 0 1 1 1 1 844 
1 0 1 1 0 0 0 0 1 1 1 1 0 1 1 0 1 0 0 523 
0 0 1 0 1 1 1 1 1 1 0 1 1 1 0 0 1 0 1 689 
0 0 0 1 0 1 1 1 1 1 1 0 1 1 0 1 1 0 1 528 
0 1 1 1 1 0 0 1 0 1 0 0 1 1 1 1 1 0 1 565 
1 0 0 1 1 0 0 0 0 1 0 0 0 1 0 0 1 1 0 420 
0 0 0 1 1 0 0 0 0 1 0 0 1 0 0 0 0 0 1 238 
0 0 1 1 0 0 1 0 0 1 1 0 1 1 1 1 1 1 1 595 

GEN 65
FIT_MEAN 606.9
0 1 1 1 1 1 1 1 0 1 1 1 0 1 0 1 1 1 1 844 
0 1 1 1 1 1 1 1 0 1 1 1 0 1 0 1 1 1 1 844 
0 1 1 1 1 1 1 1 0 1 1 1 0 1 0 1 1 1 1 844 
1 0 1 1 0 0 0 0 1 1 1 1 0 1 1 0 1 0 0 523 
0 0 1 0 1 1 1 0 1 1 0 1 1 1 0 0 1 0 1 618 
0 0 0 1 0 1 1 1 1 1 1 0 1 1 0 1 1 0 1 528 
0 1 1 1 1 0 0 1 0 1 0 0 1 1 1 1 1 0 1 565 
1 0 0 1 1 0 0 0 0 1 0 0 0 1 0 0 1 1 1 470 
0 0 0 1 1 0 0 0 0 1 0 0 1 0 0 0 0 0 1 238 
0 0 1 1 0 0 1 0 0 1 1 0 1 1 1 1 1 1 1 595 

GEN 66
FIT_MEAN 600.6
0 1 1 1 1 1 1 1 0 1 1 1 0 1 0 1 1 1 1 844 
0 1 1 1 1 1 1 1 0 1 1 1 0 1 0 1 1 1 1 844 
0 1 1 1 1 1 1 1 0 1 1 1 0 1 0 1 1 1 1 844 
1 0 1 1 0 0 0 0 1 1 1 1 0 1 1 0 1 0 0 523 
0 0 1 0 1 1 1 0 1 1 0 1 1 1 0 0 1 0 1 618 
0 0 0 1 0 1 1 1 1 1 1 0 1 1 0 1 0 0 1 477 
0 1 1 1 1 0 0 1 0 1 0 0 1 1 1 0 1 0 1 553 
1 0 0 1 1 0 0 0 0 1 0 0 0 1 0 0 1 1 1 470 
0 0 0 1 1 0 0 0 0 1 0 0 1 0 0 0 0 0 1 238 
0 0 1 1 0 0 1 0 0 1 1 0 1 1 1 1 1 1 1 595 

GEN 67
FIT_MEAN 600.6
0 1 1 1 1 1 1 1 0 1 1 1 0 1 0 1 1 1 1 844 
0 1 1 1 1 1 1 1 0 1 1 1 0 1 0 1 1 1 1 844 
0 1 1 1 1 1 1 1 0 1 1 1 0 1 0 1 1 1 1 844 
1 0 1 1 0 0 0 0 1 1 1 1 0 1 1 0 1 0 0 523 
0 0 1 0 1 1 1 0 1 1 0 1 1 1 0 0 1 0 1 618 
0 0 0 1 0 1 1 1 1 1 1 0 1 1 0 1 0 0 1 477 
0 1 1 1 1 0 0 1 0 1 0 0 1 1 1 0 1 0 1 553 
1 0 0 1 1 0 0 0 0 1 0 0 0 1 0 0 1 1 1 470 
0 0 0 1 1 0 0 0 0 1 0 0 1 0 0 0 0 0 1 238 
0 0 1 1 0 0 1 0 0 1 1 0 1 1 1 1 1 1 1 595 

GEN 68
FIT_MEAN 581
0 1 1 1 1 1 1 1 0 1 1 1 0 1 0 1 1 1 1 844 
0 1 1 1 1 1 1 1 0 1 1 1 0 1 0 1 1 1 1 844 
0 1 1 1 1 1 1 1 0 1 1 1 0 1 0 1 1 1 1 844 
0 0 1 1 0 0 0 0 1 1 1 1 0 1 1 0 1 0 0 427 
0 0 1 0 1 1 1 0 1 1 0 1 1 1 0 0 1 0 1 618 
0 0 0 1 0 1 1 1 1 1 1 0 1 1 0 1 0 0 1 477 
0 1 0 1 1 0 0 1 0 1 0 0 1 1 1 0 1 0 1 453 
1 0 0 1 1 0 0 0 0 1 0 0 0 1 0 0 1 1 1 470 
0 0 0 1 1 0 0 0 0 1 0 0 1 0 0 0 0 0 1 238 
0 0 1 1 0 0 1 0 0 1 1 0 1 1 1 1 1 1 1 595 

GEN 69
FIT_MEAN 581
0 1 1 1 1 1 1 1 0 1 1 1 0 1 0 1 1 1 1 844 
0 1 1 1 1 1 1 1 0 1 1 1 0 1 0 1 1 1 1 844 
0 1 1 1 1 1 1 1 0 1 1 1 0 1 0 1 1 1 1 844 
0 0 1 1 0 0 0 0 1 1 1 1 0 1 1 0 1 0 0 427 
0 0 1 0 1 1 1 0 1 1 0 1 1 1 0 0 1 0 1 618 
0 0 0 1 0 1 1 1 1 1 1 0 1 1 0 1 0 0 1 477 
0 1 0 1 1 0 0 1 0 1 0 0 1 1 1 0 1 0 1 453 
1 0 0 1 1 0 0 0 0 1 0 0 0 1 0 0 1 1 1 470 
0 0 0 1 1 0 0 0 0 1 0 0 1 0 0 0 0 0 1 238 
0 0 1 1 0 0 1 0 0 1 1 0 1 1 1 1 1 1 1 595 

GEN 70
FIT_MEAN 582.5
0 1 1 1 1 1 1 1 0 1 1 1 0 1 0 1 1 1 1 844 
0 1 1 1 1 1 1 1 0 1 1 1 0 1 0 1 1 1 1 844 
0 1 1 1 1 1 1 1 0 1 1 1 0 1 0 1 1 1 1 844 
0 0 1 1 0 0 0 0 1 1 1 1 0 1 1 0 1 0 0 427 
0 0 1 0 1 1 1 0 1 1 0 1 1 1 0 0 1 0 1 618 
0 0 0 1 0 1 1 1 1 1 1 0 0 1 0 1 0 0 1 443 
0 1 0 1 1 0 0 1 0 1 0 0 1 1 1 0 1 0 1 453 
1 0 0 1 1 0 0 0 0 1 0 0 0 1 0 0 1 1 1 470 
0 0 0 1 1 0 0 0 0 1 0 0 1 0 0 0 0 0 1 238 
0 1 1 1 0 0 1 0 0 1 1 0 1 1 1 1 1 1 1 644 

GEN 71
FIT_MEAN 593.3
0 1 1 1 1 1 1 1 0 1 1 1 0 1 0 1 1 1 1 844 
0 1 1 1 1 1 1 1 0 1 1 1 0 1 0 1 1 1 1 844 
0 1 1 1 1 1 1 1 0 1 1 1 0 1 0 1 1 1 1 844 
0 0 1 1 0 0 0 0 1 1 1 1 0 1 1 0 1 0 0 427 
0 0 1 0 1 1 1 0 1 1 0 1 1 1 0 0 1 0 1 618 
0 0 0 1 0 1 1 1 1 1 1 0 0 1 0 1 0 0 1 443 
1 1 0 1 1 0 0 1 0 1 0 0 1 1 1 0 1 0 1 549 
1 0 0 1 1 0 0 0 0 1 0 0 0 1 0 0 1 1 1 470 
0 0 0 1 1 0 0 0 0 1 0 0 1 0 0 1 0 0 1 250 
0 1 1 1 0 0 1 0 0 1 1 0 1 1 1 1 1 1 1 644 

GEN 72
FIT_MEAN 612.5
0 1 1 1 1 1 1 1 0 1 1 1 0 1 0 1 1 1 1 844 
0 1 1 1 1 1 1 1 0 1 1 1 0 1 0 1 1 1 1 844 
0 1 1 1 1 1 1 1 0 1 1 1 0 1 0 1 1 1 1 844 
0 0 1 1 0 0 0 0 1 1 1 1 0 1 1 0 1 1 0 519 
0 0 1 0 1 1 1 0 1 1 0 1 1 1 0 0 1 0 1 618 
0 0 0 1 0 1 1 1 1 1 1 0 0 1 0 1 0 0 1 443 
1 1 0 1 1 0 0 1 0 1 0 0 1 1 1 0 1 0 1 549 
1 0 0 1 1 0 0 0 0 1 0 0 0 1 0 0 1 1 1 470 
0 0 1 1 1 0 0 0 0 1 0 0 1 0 0 1 0 0 1 350 
0 1 1 1 0 0 1 0 0 1 1 0 1 1 1 1 1 1 1 644 

GEN 73
FIT_MEAN 616.9
0 1 1 1 1 1 1 1 0 1 1 1 0 1 0 1 1 1 1 844 
0 1 1 1 1 1 1 1 0 1 1 1 0 1 0 1 1 1 1 844 
0 1 1 1 1 1 1 1 0 1 1 1 0 1 0 1 1 1 1 844 
0 0 1 1 0 0 0 0 1 1 1 1 0 1 1 1 1 1 0 531 
0 0 1 0 1 1 1 0 1 1 0 1 1 1 0 0 1 0 1 618 
0 0 0 1 0 1 1 1 1 1 1 0 0 1 1 1 0 0 1 460 
1 1 0 1 1 0 0 1 0 1 0 0 1 1 1 0 0 0 1 498 
1 0 0 1 1 0 0 0 0 1 0 1 0 1 0 0 1 1 1 536 
0 0 1 1 1 0 0 0 0 1 0 0 1 0 0 1 0 0 1 350 
0 1 1 1 0 0 1 0 0 1 1 0 1 1 1 1 1 1 1 644 

GEN 74
FIT_MEAN 625.2
0 1 1 1 1 1 1 1 0 1 1 1 0 1 0 1 1 1 1 844 
0 1 1 1 1 1 1 1 0 1 1 1 0 1 0 1 1 1 1 844 
0 1 1 1 1 1 1 1 0 1 1 1 0 1 0 1 1 1 1 844 
0 0 1 1 0 0 0 0 1 1 1 1 0 1 1 1 0 1 0 480 
0 0 1 0 1 1 1 0 1 1 0 1 1 1 0 0 1 0 1 618 
0 0 0 1 0 1 1 1 1 1 1 0 0 1 1 1 1 0 1 511 
1 1 0 1 1 0 0 1 0 1 0 0 1 1 1 0 0 0 1 498 
1 0 0 1 1 0 1 0 0 1 0 1 0 1 0 0 1 1 1 619 
0 0 1 1 1 0 0 0 0 1 0 0 1 0 0 1 0 0 1 350 
0 1 1 1 0 0 1 0 0 1 1 0 1 1 1 1 1 1 1 644 

GEN 75
FIT_MEAN 635.9
0 1 1 1 1 1 1 1 0 1 1 1 0 1 0 1 1 1 1 844 
0 1 1 1 1 1 1 1 0 1 1 1 0 1 0 1 1 1 1 844 
0 1 1 1 1 1 1 1 0 1 1 1 0 1 0 1 1 1 1 844 
0 0 1 1 0 0 0 0 1 1 1 1 0 1 1 1 0 1 0 480 
0 0 1 0 1 1 1 0 1 1 0 1 1 1 0 0 1 0 1 618 
0 0 0 1 0 1 1 1 1 1 1 0 0 1 1 1 1 1 1 603 
1 1 0 1 1 0 0 1 0 1 0 0 1 1 1 0 0 0 1 498 
1 0 0 1 1 0 1 0 0 1 0 1 0 1 0 0 1 1 1 619 
0 0 1 1 1 0 0 0 0 0 0 0 1 0 0 1 0 0 1 294 
0 1 1 1 0 0 1 1 0 1 1 0 1 1 1 1 1 1 1 715 

GEN 76
FIT_MEAN 634.2
0 1 1 1 1 1 1 1 0 1 1 1 0 1 0 1 1 1 1 844 
0 1 1 1 1 1 1 1 0 1 1 1 0 1 0 1 1 1 1 844 
0 1 1 1 1 1 1 1 0 1 1 1 0 1 0 1 1 1 1 844 
0 0 1 1 0 0 0 0 1 1 1 1 0 1 1 1 0 1 0 480 
0 0 1 0 1 1 1 0 1 1 0 1 1 1 0 0 1 0 1 618 
0 0 0 1 0 1 1 1 1 1 1 0 0 1 1 1 1 1 1 603 
1 1 0 1 1 0 0 1 0 1 0 0 1 1 1 0 0 0 1 498 
1 0 0 1 1 0 1 0 0 1 0 1 0 1 0 0 0 1 1 568 
0 0 1 1 1 0 0 0 0 0 0 0 1 0 0 1 0 0 1 294 
0 1 1 1 0 1 1 1 0 1 1 0 1 1 1 1 1 1 1 749 

GEN 77
FIT_MEAN 634.2
0 1 1 1 1 1 1 1 0 1 1 1 0 1 0 1 1 1 1 844 
0 1 1 1 1 1 1 1 0 1 1 1 0 1 0 1 1 1 1 844 
0 1 1 1 1 1 1 1 0 1 1 1 0 1 0 1 1 1 1 844 
0 0 1 1 0 0 0 0 1 1 1 1 0 1 1 1 0 1 0 480 
0 0 1 0 1 1 1 0 1 1 0 1 1 1 0 0 1 0 1 618 
0 0 0 1 0 1 1 1 1 1 1 0 0 1 1 1 1 1 1 603 
1 1 0 1 1 0 0 1 0 1 0 0 1 1 1 0 0 0 1 498 
1 0 0 1 1 0 1 0 0 1 0 1 0 1 0 0 0 1 1 568 
0 0 1 1 1 0 0 0 0 0 0 0 1 0 0 1 0 0 1 294 
0 1 1 1 0 1 1 1 0 1 1 0 1 1 1 1 1 1 1 749 

GEN 78
FIT_MEAN 621.2
0 1 1 1 1 1 1 1 0 1 1 1 0 1 0 1 1 1 1 844 
0 1 1 1 1 1 1 1 0 1 1 1 0 1 0 1 1 1 1 844 
0 1 1 1 1 1 1 1 0 1 1 1 0 1 0 1 1 1 1 844 
0 0 1 1 0 0 0 0 1 1 0 1 0 1 1 1 0 1 0 425 
0 0 1 0 1 1 1 0 1 1 0 1 1 1 0 0 1 0 1 618 
0 0 0 1 0 1 1 1 1 1 1 0 0 1 1 1 1 1 1 603 
1 1 0 1 1 0 0 0 0 1 0 0 1 1 1 0 0 0 1 427 
1 0 0 1 1 0 1 0 0 1 0 1 0 1 0 0 1 1 1 619 
0 0 1 1 1 0 0 0 0 0 0 0 1 0 0 1 0 0 1 294 
0 1 1 1 0 1 1 1 0 1 0 0 1 1 1 1 1 1 1 694 

GEN 79
FIT_MEAN 606.3
0 1 1 1 1 1 1 1 0 1 1 1 0 1 0 1 1 1 1 844 
0 1 1 1 1 1 1 1 0 1 1 1 0 1 0 1 1 1 1 844 
0 1 1 1 1 1 1 1 0 1 1 1 0 1 0 1 1 1 1 844 
0 0 1 1 0 0 0 0 1 1 0 1 0 1 0 1 0 1 0 408 
0 0 1 0 1 1 1 0 1 1 0 1 1 1 0 0 1 0 1 618 
0 0 0 1 0 1 1 1 1 1 1 0 0 1 1 1 1 1 1 603 
1 0 0 1 1 0 0 0 0 1 0 0 1 1 1 0 0 0 1 378 
1 0 0 1 1 0 0 0 0 1 0 1 0 1 0 0 1 1 1 536 
0 0 1 1 1 0 0 0 0 0 0 0 1 0 0 1 0 0 1 294 
0 1 1 1 0 1 1 1 0 1 0 0 1 1 1 1 1 1 1 694 

GEN 80
FIT_MEAN 528.6
0 1 1 1 1 1 1 1 0 1 1 1 0 1 0 1 1 1 1 844 
0 1 1 1 1 1 1 1 0 1 1 1 0 1 0 1 1 1 1 844 
0 1 1 1 1 1 1 1 0 1 1 1 0 1 0 1 1 1 1 844 
0 0 1 1 0 0 0 0 1 1 0 1 0 1 0 1 0 1 0 408 
0 0 1 0 1 1 1 0 1 1 0 1 1 1 0 0 1 0 1 618 
0 0 0 1 0 1 1 1 1 1 1 0 0 1 1 1 1 1 1 603 
1 0 0 1 1 0 0 0 0 1 0 0 1 1 1 0 0 0 1 378 
1 0 0 1 1 0 0 0 0 1 0 1 0 1 0 0 1 1 1 536 
0 0 1 1 0 0 0 0 0 0 0 0 1 0 0 1 0 0 1 214 
0 1 1 1 0 1 1 1 1 1 0 0 1 1 1 1 1 1 1 -3 

GEN 81
FIT_MEAN 520.3
0 1 1 1 1 1 1 1 0 1 1 1 0 1 0 1 1 1 1 844 
0 1 1 1 1 1 1 1 0 1 1 1 0 1 0 1 1 1 1 844 
0 1 1 1 1 1 1 1 0 1 1 1 0 1 0 1 1 1 1 844 
0 0 1 1 0 0 0 0 1 1 0 1 0 1 0 1 0 1 0 408 
0 0 1 0 1 1 0 0 1 1 0 1 1 1 0 0 1 0 1 535 
0 0 0 1 0 1 1 1 1 1 1 0 0 1 1 1 1 1 1 603 
1 0 0 1 1 0 0 0 0 1 0 0 1 1 1 0 0 0 1 378 
1 0 0 1 1 0 0 0 0 1 0 1 0 1 0 0 1 1 1 536 
0 0 1 1 0 0 0 0 0 0 0 0 1 0 0 1 0 0 1 214 
0 1 1 1 0 1 1 1 1 1 0 0 1 1 1 1 1 1 1 -3 

GEN 82
FIT_MEAN 593.6
0 1 1 1 1 1 1 1 0 1 1 1 0 1 0 1 1 1 1 844 
0 1 1 1 1 1 1 1 0 1 1 1 0 1 0 1 1 1 1 844 
0 1 1 1 1 1 1 1 0 1 1 1 0 1 0 1 1 1 1 844 
0 0 1 1 0 0 0 0 1 1 0 1 0 1 0 1 0 1 0 408 
0 0 1 0 1 1 0 0 1 1 0 1 1 1 0 0 1 0 1 535 
0 0 0 1 0 1 1 1 1 1 1 0 0 1 1 1 1 1 1 603 
1 0 0 1 1 0 0 0 0 1 0 0 1 1 1 0 0 0 1 378 
1 0 0 1 1 0 0 0 0 1 0 1 0 1 0 0 1 1 1 536 
0 0 1 1 0 0 0 0 0 0 1 0 1 0 0 1 0 0 1 269 
0 1 1 1 0 1 1 1 1 0 0 0 1 1 1 1 1 1 1 675 

GEN 83
FIT_MEAN 585.3
0 1 1 1 1 1 1 1 0 1 1 1 0 1 0 1 1 1 1 844 
0 1 1 1 1 1 1 1 0 1 1 1 0 1 0 1 1 1 1 844 
0 1 1 1 1 1 1 1 0 1 1 1 0 1 0 1 1 1 1 844 
0 0 1 1 0 0 0 0 1 1 0 1 0 1 0 1 0 1 0 408 
0 0 1 0 1 1 0 0 1 1 0 1 1 1 0 0 1 0 1 535 
0 0 0 1 0 1 0 1 1 1 1 0 0 1 1 1 1 1 1 520 
1 0 0 1 1 0 0 0 0 1 0 0 1 1 1 0 0 0 1 378 
1 0 0 1 1 0 0 0 0 1 0 1 0 1 0 0 1 1 1 536 
0 0 1 1 0 0 0 0 0 0 1 0 1 0 0 1 0 0 1 269 
0 1 1 1 0 1 1 1 1 0 0 0 1 1 1 1 1 1 1 675 

GEN 84
FIT_MEAN 511.4
0 1 1 1 1 1 1 1 0 1 1 1 0 1 0 1 1 1 1 844 
0 1 1 1 1 1 1 1 0 1 1 1 0 1 0 1 1 1 1 844 
0 1 1 1 1 1 1 1 0 1 1 1 0 1 0 1 1 1 1 844 
0 0 1 1 0 0 0 0 1 1 0 1 0 1 0 1 0 1 0 408 
0 0 1 0 1 1 0 0 1 1 0 1 0 1 0 0 1 0 1 501 
0 0 0 1 0 1 0 1 1 1 1 0 0 1 1 1 1 1 1 520 
1 0 0 1 1 0 0 0 0 1 0 0 1 1 1 0 0 0 1 378 
1 0 0 1 1 0 0 0 0 1 0 1 0 0 0 0 1 1 1 509 
0 0 1 1 0 0 0 0 0 0 1 0 1 0 0 1 0 0 1 269 
1 1 1 1 0 1 1 1 1 0 0 0 1 1 1 1 1 1 1 -3 

GEN 85
FIT_MEAN 514.6
0 1 1 1 1 1 1 1 0 1 1 1 0 1 0 1 1 1 1 844 
0 1 1 1 1 1 1 1 0 1 1 1 0 1 0 1 1 1 1 844 
0 1 1 1 1 1 1 1 0 1 1 1 0 1 0 1 1 1 1 844 
0 0 1 1 0 0 0 0 1 1 0 1 0 1 0 1 0 1 0 408 
0 0 1 0 1 1 0 0 1 1 0 1 0 1 1 0 1 0 1 518 
0 0 0 1 0 1 0 1 1 1 1 0 0 1 1 1 1 1 1 520 
1 0 0 1 1 0 0 0 0 1 0 0 1 1 1 0 0 0 1 378 
1 0 0 1 1 0 0 0 0 1 0 1 0 1 0 0 1 1 1 536 
0 0 1 1 0 0 0 0 0 0 1 0 1 0 0 0 0 0 1 257 
1 1 1 1 0 1 1 1 1 0 0 0 1 1 1 1 1 1 1 -3 

GEN 86
FIT_MEAN 595.9
0 1 1 1 1 1 1 1 0 1 1 1 0 1 0 1 1 1 1 844 
0 1 1 1 1 1 1 1 0 1 1 1 0 1 0 1 1 1 1 844 
0 1 1 1 1 1 1 1 0 1 1 1 0 1 0 1 1 1 1 844 
0 0 1 1 0 0 0 0 1 1 0 1 0 1 0 1 0 1 0 408 
0 0 1 0 1 1 0 0 1 1 0 1 0 1 1 0 1 0 1 518 
0 0 0 1 0 1 0 1 1 1 1 0 0 1 1 1 1 1 1 520 
1 0 0 1 1 0 0 0 0 1 0 0 1 1 1 0 1 0 1 429 
1 0 0 1 1 0 0 0 0 1 0 1 0 1 0 0 1 1 1 536 
0 0 1 1 0 0 0 0 0 0 1 0 1 0 0 0 0 0 1 257 
1 1 1 1 0 1 1 1 1 0 0 0 1 1 1 0 1 1 1 759 

GEN 87
FIT_MEAN 595.9
0 1 1 1 1 1 1 1 0 1 1 1 0 1 0 1 1 1 1 844 
0 1 1 1 1 1 1 1 0 1 1 1 0 1 0 1 1 1 1 844 
0 1 1 1 1 1 1 1 0 1 1 1 0 1 0 1 1 1 1 844 
0 0 1 1 0 0 0 0 1 1 0 1 0 1 0 1 0 1 0 408 
0 0 1 0 1 1 0 0 1 1 0 1 0 1 1 0 1 0 1 518 
0 0 0 1 0 1 0 1 1 1 1 0 0 1 1 1 1 1 1 520 
1 0 0 1 1 0 0 0 0 1 0 0 1 1 1 0 1 0 1 429 
1 0 0 1 1 0 0 0 0 1 0 1 0 1 0 0 1 1 1 536 
0 0 1 1 0 0 0 0 0 0 1 0 1 0 0 0 0 0 1 257 
1 1 1 1 0 1 1 1 1 0 0 0 1 1 1 0 1 1 1 759 

GEN 88
FIT_MEAN 590.7
0 1 1 1 1 1 1 1 0 1 1 1 0 1 0 1 1 1 1 844 
0 1 1 1 1 1 1 1 0 1 1 1 0 1 0 1 1 1 1 844 
0 1 1 1 1 1 1 1 0 1 1 1 0 1 0 1 1 1 1 844 
0 0 1 1 0 0 0 0 1 1 0 1 0 1 0 1 0 1 0 408 
0 1 1 0 1 1 0 0 1 1 0 1 0 1 1 0 1 0 1 567 
0 0 0 0 0 1 0 1 1 1 1 0 0 1 1 1 1 1 1 502 
1 0 0 1 1 0 0 0 0 1 0 0 1 1 1 0 1 0 1 429 
1 0 0 1 1 0 0 0 0 1 0 1 0 1 0 0 1 1 1 536 
0 0 1 1 0 0 0 0 0 0 1 0 1 0 0 0 0 0 1 257 
1 1 1 1 0 1 0 1 1 0 0 0 1 1 1 0 1 1 1 676 

GEN 89
FIT_MEAN 598
0 1 1 1 1 1 1 1 0 1 1 1 0 1 0 1 1 1 1 844 
0 1 1 1 1 1 1 1 0 1 1 1 0 1 0 1 1 1 1 844 
0 1 1 1 1 1 1 1 0 1 1 1 0 1 0 1 1 1 1 844 
0 0 1 1 0 0 0 0 1 1 0 1 0 1 0 1 0 1 0 408 
0 1 1 1 1 1 0 0 1 1 0 1 0 1 1 0 1 0 1 585 
0 0 0 0 0 1 0 1 1 1 1 0 0 1 1 1 1 1 1 502 
1 0 0 1 1 0 0 0 0 1 0 0 1 1 1 0 1 0 1 429 
1 0 0 1 1 0 0 0 0 1 1 1 0 1 0 0 1 1 1 591 
0 0 1 1 0 0 0 0 0 0 1 0 1 0 0 0 0 0 1 257 
1 1 1 1 0 1 0 1 1 0 0 0 1 1 1 0 1 1 1 676 

GEN 90
FIT_MEAN 599.2
0 1 1 1 1 1 1 1 0 1 1 1 0 1 0 1 1 1 1 844 
0 1 1 1 1 1 1 1 0 1 1 1 0 1 0 1 1 1 1 844 
0 1 1 1 1 1 1 1 0 1 1 1 0 1 0 1 1 1 1 844 
0 0 1 1 0 0 0 0 1 1 0 1 0 1 0 1 0 1 0 408 
0 1 1 1 1 1 0 0 0 1 0 1 0 1 1 0 1 0 1 548 
0 0 0 0 0 1 0 1 1 1 1 0 0 1 1 1 1 1 1 502 
1 0 0 1 1 0 0 0 0 1 0 0 1 1 1 0 1 0 1 429 
1 0 0 1 1 0 0 0 0 1 1 1 0 1 0 0 1 1 1 591 
0 1 1 1 0 0 0 0 0 0 1 0 1 0 0 0 0 0 1 306 
1 1 1 1 0 1 0 1 1 0 0 0 1 1 1 0 1 1 1 676 

GEN 91
FIT_MEAN 598.8
0 1 1 1 1 1 1 1 0 1 1 1 0 1 0 1 1 1 1 844 
0 1 1 1 1 1 1 1 0 1 1 1 0 1 0 1 1 1 1 844 
0 1 1 1 1 1 1 1 0 1 1 1 0 1 0 1 1 1 1 844 
0 0 1 1 0 0 0 0 1 1 0 1 0 1 0 1 0 1 0 408 
0 1 1 1 1 1 0 0 0 1 0 1 0 1 1 0 1 0 1 548 
0 0 0 0 0 1 0 1 1 1 1 0 0 1 1 1 1 1 1 502 
1 0 0 1 1 0 0 0 0 1 0 0 1 1 1 0 1 0 1 429 
1 0 0 1 1 0 0 0 0 1 1 1 0 1 0 0 1 1 1 591 
0 1 1 1 0 0 0 0 0 0 1 0 1 0 0 0 0 1 1 398 
0 1 1 1 0 1 0 1 1 0 0 0 1 1 1 0 1 1 1 580 

GEN 92
FIT_MEAN 604.3
0 1 1 1 1 1 1 1 0 1 1 1 0 1 0 1 1 1 1 844 
0 1 1 1 1 1 1 1 0 1 1 1 0 1 0 1 1 1 1 844 
0 1 1 1 1 1 1 1 0 1 1 1 0 1 0 1 1 1 1 844 
0 0 1 1 0 0 0 0 1 1 0 1 0 1 0 1 0 1 0 408 
0 1 1 1 1 1 0 0 0 1 1 1 0 1 1 0 1 0 1 603 
0 0 0 0 0 1 0 1 1 1 1 0 0 1 1 1 1 1 1 502 
1 0 0 1 1 0 0 0 0 1 0 0 1 1 1 0 1 0 1 429 
1 0 0 1 1 0 0 0 0 1 1 1 0 1 0 0 1 1 1 591 
0 1 1 1 0 0 0 0 0 0 1 0 1 0 0 0 0 1 1 398 
0 1 1 1 0 1 0 1 1 0 0 0 1 1 1 0 1 1 1 580 

GEN 93
FIT_MEAN 609.8
0 1 1 1 1 1 1 1 0 1 1 1 0 1 0 1 1 1 1 844 
0 1 1 1 1 1 1 1 0 1 1 1 0 1 0 1 1 1 1 844 
0 1 1 1 1 1 1 1 0 1 1 1 0 1 0 1 1 1 1 844 
0 0 1 1 0 0 0 0 1 1 0 1 0 1 0 1 0 1 0 408 
0 1 1 1 1 1 0 0 0 1 1 1 0 1 1 0 1 0 1 603 
0 0 0 0 0 1 0 1 1 1 1 0 0 1 1 1 1 1 1 502 
1 0 0 1 1 0 0 0 0 1 0 0 1 1 1 0 1 0 1 429 
1 0 0 1 1 0 0 0 0 1 1 1 0 1 0 0 1 1 1 591 
0 1 1 1 0 0 0 0 0 0 1 0 1 0 0 0 0 1 1 398 
0 1 1 1 0 1 0 1 1 0 1 0 1 1 1 0 1 1 1 635 

GEN 94
FIT_MEAN 613.2
0 1 1 1 1 1 1 1 0 1 1 1 0 1 0 1 1 1 1 844 
0 1 1 1 1 1 1 1 0 1 1 1 0 1 0 1 1 1 1 844 
0 1 1 1 1 1 1 1 0 1 1 1 0 1 0 1 1 1 1 844 
0 0 1 1 0 0 0 0 1 1 0 1 0 1 0 1 0 1 0 408 
0 1 1 1 1 1 0 0 0 1 1 1 0 1 1 0 1 0 1 603 
0 0 0 0 0 1 0 1 1 1 1 0 0 1 1 1 1 1 1 502 
1 0 0 1 1 0 0 0 0 1 0 0 1 1 1 0 1 0 1 429 
1 0 0 1 1 1 0 0 0 1 1 1 0 1 0 0 1 1 1 625 
0 1 1 1 0 0 0 0 0 0 1 0 1 0 0 0 0 1 1 398 
0 1 1 1 0 1 0 1 1 0 1 0 1 1 1 0 1 1 1 635 

GEN 95
FIT_MEAN 609.8
0 1 1 1 1 1 1 1 0 1 1 1 0 1 0 1 1 1 1 844 
0 1 1 1 1 1 1 1 0 1 1 1 0 1 0 1 1 1 1 844 
0 1 1 1 1 1 1 1 0 1 1 1 0 1 0 1 1 1 1 844 
0 0 1 1 0 0 0 0 1 1 0 1 0 1 0 1 0 1 0 408 
0 1 1 1 1 1 0 0 0 1 1 1 0 1 1 0 1 0 1 603 
0 0 0 0 0 1 0 1 1 1 1 0 0 1 1 1 1 1 1 502 
1 0 0 1 1 0 0 0 0 1 0 0 1 1 1 0 1 0 1 429 
1 0 0 1 1 1 0 0 0 1 1 1 0 1 0 0 1 1 1 625 
0 1 1 1 0 0 0 0 0 0 1 0 0 0 0 0 0 1 1 364 
0 1 1 1 0 1 0 1 1 0 1 0 1 1 1 0 1 1 1 635 

GEN 96
FIT_MEAN 613.2
0 1 1 1 1 1 1 1 0 1 1 1 0 1 0 1 1 1 1 844 
0 1 1 1 1 1 1 1 0 1 1 1 0 1 0 1 1 1 1 844 
0 1 1 1 1 1 1 1 0 1 1 1 0 1 0 1 1 1 1 844 
0 0 1 1 0 0 0 0 1 1 0 1 0 1 0 1 0 1 0 408 
0 1 1 1 1 1 0 0 0 1 1 1 0 1 1 0 1 0 1 603 
0 0 0 0 0 1 0 1 1 1 1 0 0 1 1 1 1 1 1 502 
1 0 0 1 1 0 0 0 0 1 0 0 1 1 1 0 1 0 1 429 
1 0 0 1 1 1 0 0 0 1 1 1 1 1 0 0 1 1 1 659 
0 1 1 1 0 0 0 0 0 0 1 0 0 0 0 0 0 1 1 364 
0 1 1 1 0 1 0 1 1 0 1 0 1 1 1 0 1 1 1 635 

GEN 97
FIT_MEAN 622.8
0 1 1 1 1 1 1 1 0 1 1 1 0 1 0 1 1 1 1 844 
0 1 1 1 1 1 1 1 0 1 1 1 0 1 0 1 1 1 1 844 
0 1 1 1 1 1 1 1 0 1 1 1 0 1 0 1 1 1 1 844 
0 0 1 1 0 0 0 0 1 1 0 1 0 1 0 1 0 1 0 408 
0 1 1 1 1 1 0 0 0 1 1 1 0 1 1 0 1 0 1 603 
1 0 0 0 0 1 0 1 1 1 1 0 0 1 1 1 1 1 1 598 
1 0 0 1 1 0 0 0 0 1 0 0 1 1 1 0 1 0 1 429 
1 0 0 1 1 1 0 0 0 1 1 1 1 1 0 0 1 1 1 659 
0 1 1 1 0 0 0 0 0 0 1 0 0 0 0 0 0 1 1 364 
0 1 1 1 0 1 0 1 1 0 1 0 1 1 1 0 1 1 1 635 

GEN 98
FIT_MEAN 619.4
0 1 1 1 1 1 1 1 0 1 1 1 0 1 0 1 1 1 1 844 
0 1 1 1 1 1 1 1 0 1 1 1 0 1 0 1 1 1 1 844 
0 1 1 1 1 1 1 1 0 1 1 1 0 1 0 1 1 1 1 844 
0 0 1 1 0 0 0 0 1 1 0 1 0 1 0 1 0 1 0 408 
0 1 1 1 1 1 0 0 0 1 1 1 0 1 1 0 1 0 1 603 
1 0 0 0 0 1 0 1 1 1 1 0 0 1 1 1 1 1 1 598 
1 0 0 1 1 0 0 0 0 1 0 0 0 1 1 0 1 0 1 395 
1 0 0 1 1 1 0 0 0 1 1 1 1 1 0 0 1 1 1 659 
0 1 1 1 0 0 0 0 0 0 1 0 1 0 0 0 0 1 1 398 
0 1 1 1 0 1 0 1 1 0 1 0 0 1 1 0 1 1 1 601 

GEN 99
FIT_MEAN 606.7
0 1 1 1 1 1 1 1 0 1 1 1 0 1 0 1 1 1 1 844 
0 1 1 1 1 1 1 1 0 1 1 1 0 1 0 1 1 1 1 844 
0 1 1 1 1 1 1 1 0 1 1 1 0 1 0 1 1 1 1 844 
0 0 0 1 0 0 0 0 1 1 0 1 0 1 0 1 0 1 0 308 
0 1 1 1 1 1 0 0 0 1 1 1 0 1 1 0 1 0 1 603 
1 0 0 0 0 1 0 1 1 1 1 0 0 1 1 1 1 1 1 598 
1 0 0 1 1 0 0 0 0 1 0 0 0 1 1 0 1 0 1 395 
1 0 0 1 1 1 0 0 0 1 1 1 1 1 0 0 1 1 1 659 
0 1 1 1 0 0 0 0 0 0 1 0 1 0 0 0 0 1 1 398 
0 1 1 1 0 1 0 1 1 0 1 0 0 0 1 0 1 1 1 574 

